method,n,tr_time,r2_test,tr_V0,pval0,tr_V1,pval1,tr_V2,pval2,tr_V3,pval3,tr_V4,pval4,tr_V5,pval5,tr_V6,pval6,tr_V7,pval7,tr_V8,pval8,tr_V9,pval9,tr_V10,pval10,tr_V11,pval11,tr_V12,pval12,tr_V13,pval13,tr_V14,pval14,tr_V15,pval15,tr_V16,pval16,tr_V17,pval17,tr_V18,pval18,tr_V19,pval19,tr_V20,pval20,tr_V21,pval21,tr_V22,pval22,tr_V23,pval23,tr_V24,pval24,tr_V25,pval25,tr_V26,pval26,tr_V27,pval27,tr_V28,pval28,tr_V29,pval29,tr_V30,pval30,tr_V31,pval31,tr_V32,pval32,tr_V33,pval33,tr_V34,pval34,tr_V35,pval35,tr_V36,pval36,tr_V37,pval37,tr_V38,pval38,tr_V39,pval39,tr_V40,pval40,tr_V41,pval41,tr_V42,pval42,tr_V43,pval43,tr_V44,pval44,tr_V45,pval45,tr_V46,pval46,tr_V47,pval47,tr_V48,pval48,tr_V49,pval49,tr_V50,pval50,tr_V51,pval51,tr_V52,pval52,tr_V53,pval53,tr_V54,pval54,tr_V55,pval55,tr_V56,pval56,tr_V57,pval57,tr_V58,pval58,tr_V59,pval59,tr_V60,pval60,tr_V61,pval61,tr_V62,pval62,tr_V63,pval63,tr_V64,pval64,tr_V65,pval65,tr_V66,pval66,tr_V67,pval67,tr_V68,pval68,tr_V69,pval69,tr_V70,pval70,tr_V71,pval71,tr_V72,pval72,tr_V73,pval73,tr_V74,pval74,tr_V75,pval75,tr_V76,pval76,tr_V77,pval77,tr_V78,pval78,tr_V79,pval79,tr_V80,pval80,tr_V81,pval81,tr_V82,pval82,tr_V83,pval83,tr_V84,pval84,tr_V85,pval85,tr_V86,pval86,tr_V87,pval87,tr_V88,pval88,tr_V89,pval89,tr_V90,pval90,tr_V91,pval91,tr_V92,pval92,tr_V93,pval93,tr_V94,pval94,tr_V95,pval95,tr_V96,pval96,tr_V97,pval97,tr_V98,pval98,tr_V99,pval99,tr_V100,pval100,tr_V101,pval101,tr_V102,pval102,tr_V103,pval103,tr_V104,pval104,tr_V105,pval105,tr_V106,pval106,tr_V107,pval107,tr_V108,pval108,tr_V109,pval109,tr_V110,pval110,tr_V111,pval111,tr_V112,pval112,tr_V113,pval113,tr_V114,pval114,tr_V115,pval115,tr_V116,pval116,tr_V117,pval117,tr_V118,pval118,tr_V119,pval119,tr_V120,pval120,tr_V121,pval121,tr_V122,pval122,tr_V123,pval123,tr_V124,pval124,tr_V125,pval125,tr_V126,pval126,tr_V127,pval127,tr_V128,pval128,tr_V129,pval129,tr_V130,pval130,tr_V131,pval131,tr_V132,pval132,tr_V133,pval133,tr_V134,pval134,tr_V135,pval135,tr_V136,pval136,tr_V137,pval137,tr_V138,pval138,tr_V139,pval139,tr_V140,pval140,tr_V141,pval141,tr_V142,pval142,tr_V143,pval143,tr_V144,pval144,tr_V145,pval145,tr_V146,pval146,tr_V147,pval147,tr_V148,pval148,tr_V149,pval149,tr_V150,pval150,tr_V151,pval151,tr_V152,pval152,tr_V153,pval153,tr_V154,pval154,tr_V155,pval155,tr_V156,pval156,tr_V157,pval157,tr_V158,pval158,tr_V159,pval159,tr_V160,pval160,tr_V161,pval161,tr_V162,pval162,tr_V163,pval163,tr_V164,pval164,tr_V165,pval165,tr_V166,pval166,tr_V167,pval167,tr_V168,pval168,tr_V169,pval169,tr_V170,pval170,tr_V171,pval171,tr_V172,pval172,tr_V173,pval173,tr_V174,pval174,tr_V175,pval175,tr_V176,pval176,tr_V177,pval177,tr_V178,pval178,tr_V179,pval179,tr_V180,pval180,tr_V181,pval181,tr_V182,pval182,tr_V183,pval183,tr_V184,pval184,tr_V185,pval185,tr_V186,pval186,tr_V187,pval187,tr_V188,pval188,tr_V189,pval189,tr_V190,pval190,tr_V191,pval191,tr_V192,pval192,tr_V193,pval193,tr_V194,pval194,tr_V195,pval195,tr_V196,pval196,tr_V197,pval197,tr_V198,pval198,tr_V199,pval199
LOCO-W,300,61.627962827682495,0.96126848123325,1.0,7.412037650311731e-11,0.0,3.825717520555827e-12,0.0,0.8894179474848282,0.0,8.520517624788226e-12,0.0,4.405831255382964e-11,0.0,6.556089005016474e-12,0.0,2.6440687417306208e-08,0.0,0.4098359638687681,1.0,0.9626886986833321,0.0,4.182321156065427e-11,0.0,4.074307557999646e-11,0.0,0.999999998408979,0.0,0.15464590625991526,0.0,0.0010327259061345684,1.0,2.561240108889251e-11,1.0,4.7611803388747376e-11,0.0,0.9612389475504778,0.0,0.9999999997449088,1.0,0.03173945129427869,0.0,0.9118887859394009,0.0,0.9999999999696663,0.0,0.6062730458907687,0.0,2.1056711929645644e-09,0.0,2.1557200469146665e-12,0.0,5.029254790400728e-11,0.0,0.995914063634699,0.0,0.1862881333032198,1.0,1.8765533209119667e-05,0.0,0.9999999988070111,0.0,0.029026398134163967,0.0,0.9999999999999546,0.0,2.6590792645553307e-07,1.0,0.9952347130476602,1.0,0.32044934163457606,0.0,3.3652270969852793e-09,0.0,0.9623491149515659,0.0,0.05588479693648174,0.0,0.794425487820436,1.0,0.9999998443287536,1.0,2.7979785155451964e-10,0.0,4.026047273342215e-10,0.0,0.3394917164472211,1.0,2.650607511256453e-10,0.0,0.09534121464540712,0.0,0.015692030637804777,0.0,0.999999999726552,0.0,4.256469897878645e-06,0.0,1.5354369997666595e-08,0.0,2.871036741680655e-13,0.0,0.46536189712324094,0.0,1.157463014322957e-11,0.0,8.64302296399444e-10,0.0,0.18815854208512706,0.0,0.9999999996336868,0.0,0.8654827880277551,0.0,0.934489537874794,1.0,0.999999999989831,0.0,0.9999999999999999,0.0,0.006497247930806305,0.0,7.401856905175919e-13,1.0,0.7853997237598931,0.0,4.855531532399482e-10,0.0,4.788588414683659e-10,0.0,0.9999999983939579,0.0,0.03027062503728073,0.0,0.9999999995364122,0.0,0.9848021237877659,1.0,5.4009051675407704e-09,0.0,0.03283247476998086,0.0,0.02809195658578345,1.0,5.4511950509095186e-14,0.0,0.07262227486320627,0.0,0.005908290213166079,0.0,1.9079984259207095e-09,1.0,0.9995959562287984,1.0,2.5947721749020047e-10,1.0,1.2432647578108913e-08,0.0,0.6353540374573572,0.0,0.00034573314395580645,0.0,0.623544370189848,0.0,0.17883833122591253,0.0,2.874582860634689e-08,0.0,0.4609647595461659,0.0,0.02093641432272708,0.0,0.8314740208804714,0.0,0.999999991635628,0.0,0.9999999998894933,1.0,0.02069328552692351,0.0,0.9999999999937478,0.0,0.332443551727157,0.0,0.9471178740702096,0.0,0.9999999999999672,1.0,4.1991712440569984e-08,1.0,0.9999999989053556,0.0,0.9999999999870265,1.0,0.9999999999999581,1.0,0.7372377695188173,0.0,0.36189267412125803,0.0,1.1508571873264373e-12,0.0,0.9955921488821988,0.0,0.378131741782442,0.0,0.7890202801204709,0.0,0.999999996564101,0.0,3.387845559643665e-12,1.0,0.09989585510066723,0.0,1.7700012133747833e-07,0.0,0.013807065660812246,0.0,9.823653258900222e-05,0.0,0.9623733921332125,0.0,0.6172666431046901,0.0,0.6589682661787788,0.0,0.8256156841058948,0.0,1.0,1.0,4.78303174844541e-10,0.0,0.975386444700689,0.0,2.1556867402239277e-11,1.0,0.4977248582953392,0.0,1.0809971341396718e-06,0.0,9.11362063593657e-09,0.0,0.15880127345684047,0.0,0.9999999999955472,0.0,7.27173876668985e-12,0.0,1.389510728699861e-11,1.0,5.517453161019148e-11,0.0,0.6779910481640052,0.0,0.14108498392989188,0.0,0.1742654196016945,0.0,0.9999999999715972,0.0,0.8529750711665478,1.0,4.899493033505564e-10,0.0,0.9022422910617415,0.0,0.7642885036124256,0.0,0.9999999999194384,1.0,1.7920816630656589e-07,0.0,0.8994150626034307,1.0,0.9789932109973101,1.0,0.08860156387451079,0.0,0.9999999913141028,0.0,0.9999999977671945,0.0,0.7703401320862614,0.0,0.8827576824407527,0.0,0.9475123089940156,0.0,0.11707463678632024,0.0,1.4898536269347673e-05,1.0,0.13156528709937754,1.0,3.512506951963701e-10,0.0,0.08259722833844885,0.0,0.9373635377127914,0.0,0.8178073625913096,0.0,0.9999999876399003,0.0,0.867904478281789,0.0,0.7997167576818229,0.0,0.9999999999458221,0.0,0.01403763239177136,1.0,8.214651514570903e-09,0.0,0.37574125512423806,0.0,0.5856925356324337,1.0,0.10702763634696577,1.0,4.170576439754825e-09,1.0,0.8307932568405658,0.0,0.02031015489858856,0.0,0.009874573098031969,0.0,0.9844078343429208,0.0,1.3122781639118841e-08,0.0,0.9999999999798057,1.0,6.950506836744808e-11,1.0,4.75175454539567e-14,0.0,0.9999999999999678,0.0,0.049842772979126204,1.0,4.3243186809149847e-13,0.0,8.70070682168489e-12,0.0,0.9727688704062183,1.0,0.9999869036460051,0.0,0.9999999904976117,1.0,5.218048215738236e-15,1.0,0.9844104792093901,0.0,0.6179160753431159,0.0,0.6371463909106356,0.0,0.9926614135017823,0.0,1.3322676295501878e-15,1.0,1.6352275089559498e-10,1.0,0.9999999997211247,0.0,0.49030432420783443,0.0,1.3227530182291503e-11,0.0,1.0292772190112487e-09,1.0,0.9999999999893598,0.0,0.1008761868042416,1.0,0.7067399691541768,0.0,4.630521133197618e-08,0.0,0.9999999937478508,1.0,0.08612795840698162,0.0,0.9386949215454481,0.0,0.9605027376196515,1.0,0.9488561285556941,0.0,0.6276008146602335,0.0,0.2717412852437847,0.0,0.9999999999190166,0.0,0.00931172334714514,1.0,0.999999991479041,0.0,0.011076891514428477
CPI,300,73.95265889167786,0.96126848123325,1.0,0.001870443863313752,0.0,1.0,0.0,0.5588179591439324,0.0,0.42063785560226247,0.0,1.0,0.0,1.0,0.0,1.0,0.0,0.916289945569037,1.0,0.14711654376854283,0.0,1.0,0.0,1.0,0.0,0.7605443010436583,0.0,1.0,0.0,1.0,1.0,0.14876671550806037,1.0,0.0032620205004527955,0.0,0.12889238254725016,0.0,0.11194092764442976,1.0,0.03287653015644104,0.0,0.06267437860670061,0.0,1.0,0.0,1.0,0.0,1.0,0.0,1.0,0.0,1.0,0.0,0.472913765972377,0.0,1.0,1.0,3.5570947861939406e-13,0.0,1.0,0.0,0.06250838246444172,0.0,1.0,0.0,0.8444877213290526,1.0,0.2524504581071279,1.0,0.04056722408759441,0.0,1.0,0.0,1.0,0.0,0.5351380391203627,0.0,1.0,1.0,0.000105187203838104,1.0,3.1455974248514304e-07,0.0,1.0,0.0,1.0,1.0,4.032326727316134e-06,0.0,1.0,0.0,0.279396498167766,0.0,1.0,0.0,1.0,0.0,1.0,0.0,1.0,0.0,1.0,0.0,0.42990745488440985,0.0,1.0,0.0,1.0,0.0,0.4881360163773748,0.0,1.0,0.0,0.777241257852745,1.0,3.4144419881518616e-05,0.0,1.0,0.0,1.0,0.0,0.03744318477789589,1.0,0.2837907873663264,0.0,0.8223252788134552,0.0,1.0,0.0,1.0,0.0,0.9299778509055832,0.0,1.0,0.0,0.06101547919328684,1.0,0.0011140335711475817,0.0,1.0,0.0,0.3354655301711638,1.0,0.11335898356268204,0.0,0.6706895874503769,0.0,1.0,0.0,0.3184969398929552,1.0,0.13134247502936258,1.0,0.002924781244290663,1.0,0.0009404698387728485,0.0,0.5396359287685084,0.0,1.0,0.0,1.0,0.0,1.0,0.0,1.0,0.0,0.06469995686184456,0.0,1.0,0.0,0.7372504942385589,0.0,1.0,0.0,1.0,1.0,0.0020303887729780697,0.0,0.38248331461299623,0.0,0.8777661810352735,0.0,1.0,0.0,1.0,1.0,0.007151574438464556,1.0,0.8603627083791718,0.0,0.11805149716550084,1.0,0.20625898708359108,1.0,0.0001285259647040985,0.0,0.5223439920508596,0.0,1.0,0.0,0.32741323502448794,0.0,0.806586695053253,0.0,1.0,0.0,1.0,0.0,0.6403226906514923,1.0,0.09286025824752414,0.0,1.0,0.0,0.93233676229885,0.0,1.0,0.0,1.0,0.0,0.493895914451679,0.0,0.7302543175209738,0.0,1.0,0.0,1.0,1.0,1.6078929077540484e-09,0.0,1.0,0.0,1.0,1.0,0.24633478915445678,0.0,1.0,0.0,0.9985879234207671,0.0,1.0,0.0,1.0,0.0,0.4076450027366335,0.0,0.9673006710043963,1.0,0.3461411496044784,0.0,0.3250892302381707,0.0,0.8466187861421743,0.0,0.9210103402155548,0.0,1.0,0.0,1.0,1.0,0.006892741671713725,0.0,0.49131259332579547,0.0,1.0,0.0,1.0,1.0,1.5363135531999152e-05,0.0,0.8443037743791104,1.0,1.19522639453032e-05,1.0,0.030809936827144026,0.0,1.0,0.0,0.6393213283515098,0.0,1.0,0.0,0.29815952480603125,0.0,0.2954163896718208,0.0,1.0,0.0,1.0,1.0,0.10192226878264166,1.0,0.03204312968552484,0.0,1.0,0.0,1.0,0.0,0.5458144062291039,0.0,0.14423434458400702,0.0,1.0,0.0,0.09126669741797461,0.0,0.320283747719478,0.0,0.7648662219682818,1.0,0.0008161852454553237,0.0,1.0,0.0,0.03419794148867631,1.0,0.004972163894098424,1.0,0.09041222499670437,1.0,4.5878561254898755e-05,0.0,0.9724225842165409,0.0,0.5973432275388082,0.0,0.16618939157920815,0.0,1.0,0.0,0.5663686781567803,1.0,0.00022265070917827005,1.0,0.006283892537839189,0.0,1.0,0.0,0.2383416590450088,1.0,0.0005838916133963552,0.0,1.0,0.0,0.9242319664987193,1.0,1.0,0.0,0.4649630189858543,1.0,5.079410770661978e-10,1.0,0.5034889435230083,0.0,1.0,0.0,0.0017360899551027418,0.0,1.0,0.0,0.06423226747961039,1.0,0.0005035114007729389,1.0,0.3143612232682502,0.0,1.0,0.0,1.0,0.0,0.7153600310216841,1.0,0.004838649714526749,0.0,1.0,1.0,0.4015411406703297,0.0,1.0,0.0,1.0,1.0,0.0015178847800136337,0.0,1.0,0.0,1.0,1.0,0.06632130637943814,0.0,0.07157335721744706,0.0,0.04397474401558602,0.0,1.0,0.0,1.0,1.0,0.09710715255702707,0.0,0.37109466373351147
CPI_sqrt,300,73.92514061927795,0.96126848123325,1.0,0.32137364164589644,0.0,0.5,0.0,0.5020249402827238,0.0,0.4994908272471628,0.0,0.5,0.0,0.5,0.0,0.5,0.0,0.5044618380785576,1.0,0.5006446090964415,0.0,0.5,0.0,0.5,0.0,0.5281362270364685,0.0,0.5,0.0,0.5,1.0,0.46953904699899235,1.0,0.2808241954992951,0.0,0.4878407452187191,0.0,0.47606040289107787,1.0,0.449629518370321,0.0,0.49715534208307977,0.0,0.5,0.0,0.5,0.0,0.5,0.0,0.5,0.0,0.5,0.0,0.5006971728225225,0.0,0.5,1.0,0.0010863556180193941,0.0,0.5,0.0,0.511107864854984,0.0,0.5,0.0,0.5128378461107874,1.0,0.4954393099401599,1.0,0.4085155403380821,0.0,0.5,0.0,0.5,0.0,0.505810816578805,0.0,0.5,1.0,0.24889792665566457,1.0,0.02825152927006228,0.0,0.5,0.0,0.5,1.0,0.15670156455415618,0.0,0.5,0.0,0.4913989755274119,0.0,0.5,0.0,0.5,0.0,0.5,0.0,0.5,0.0,0.5,0.0,0.4995816691020997,0.0,0.5,0.0,0.5,0.0,0.49665294832640755,0.0,0.5,0.0,0.5012412916202286,1.0,0.4593932519435858,0.0,0.5,0.0,0.5,0.0,0.47473588227438107,1.0,0.48767365102523896,0.0,0.4997596641448044,0.0,0.5,0.0,0.5,0.0,0.5058749056431703,0.0,0.5,0.0,0.4999896406149553,1.0,0.4034919524309668,0.0,0.5,0.0,0.49838768119103133,1.0,0.45405273012511127,0.0,0.5054139030693976,0.0,0.5,0.0,0.4996266749870858,1.0,0.4326555988721767,1.0,0.2963770646591849,1.0,0.16457586807479824,0.0,0.5071769979232631,0.0,0.5,0.0,0.5,0.0,0.5,0.0,0.5,0.0,0.49797669561883373,0.0,0.5,0.0,0.5004710021929532,0.0,0.5,0.0,0.5,1.0,0.3383840651193588,0.0,0.5032476183192841,0.0,0.5007749393166934,0.0,0.5,0.0,0.5,1.0,0.4795856417551351,1.0,0.48544876539668697,0.0,0.48278222100953505,1.0,0.4996749525017373,1.0,0.2929588892490474,0.0,0.5005643502266595,0.0,0.5,0.0,0.4965446340768905,0.0,0.49811156635827236,0.0,0.5,0.0,0.5,0.0,0.5079621213751286,1.0,0.4732625418644799,0.0,0.5,0.0,0.5050602919626125,0.0,0.5,0.0,0.5,0.0,0.5009205922915945,0.0,0.506951296208411,0.0,0.5,0.0,0.5,1.0,0.020852537739236062,0.0,0.5,0.0,0.5,1.0,0.4924355613074811,0.0,0.5,0.0,0.5020374055963164,0.0,0.5,0.0,0.5,0.0,0.5034567422915053,0.0,0.5001621423331969,1.0,0.48027433642018846,0.0,0.5012738796916493,0.0,0.49164052480493664,0.0,0.5000884733288989,0.0,0.5,0.0,0.5,1.0,0.2799985623885718,0.0,0.5033676492748239,0.0,0.5,0.0,0.5,1.0,0.22177386857795645,0.0,0.5107456765494168,1.0,0.34057289681272007,1.0,0.4349888545209705,0.0,0.5,0.0,0.5027898354284084,0.0,0.5,0.0,0.4968257555362395,0.0,0.49520833179302354,0.0,0.5,0.0,0.5,1.0,0.4959087487153301,1.0,0.4625958600626301,0.0,0.5,0.0,0.5,0.0,0.5053020639903038,0.0,0.4982167373717969,0.0,0.5,0.0,0.4992577426573573,0.0,0.4928354999340788,0.0,0.5001866874612823,1.0,0.3165708856130288,0.0,0.5,0.0,0.4911619736578442,1.0,0.42730378747775505,1.0,0.4174313931755908,1.0,0.4750330186702669,0.0,0.4939198257388406,0.0,0.5025424725242108,0.0,0.4943854691265657,0.0,0.5,0.0,0.49996959404828073,1.0,0.38664854303723906,1.0,0.4214175339782874,0.0,0.5,0.0,0.5002187711797512,1.0,0.4045361170387794,0.0,0.5,0.0,0.5142576555983377,1.0,0.5,0.0,0.4989549099351777,1.0,0.07036362051647554,1.0,0.4562292111303419,0.0,0.5,0.0,0.4970674791298243,0.0,0.5,0.0,0.4973262222504794,1.0,0.2780619013955614,1.0,0.43745948735740314,0.0,0.5,0.0,0.5,0.0,0.500444002928989,1.0,0.21975131301645712,0.0,0.5,1.0,0.43395626757139244,0.0,0.5,0.0,0.5,1.0,0.4763955563131644,0.0,0.5,0.0,0.5,1.0,0.49977656593399716,0.0,0.49379822326952544,0.0,0.49633963363373784,0.0,0.5,0.0,0.5,1.0,0.3982592109519458,0.0,0.5042402699800334
CPI_n,300,73.92874598503113,0.96126848123325,1.0,0.017104467765975163,0.0,0.5,0.0,0.5653909094313921,0.0,0.48760293499276,0.0,0.5,0.0,0.5,0.0,0.5,0.0,0.47704256165950876,1.0,0.4411979696176036,0.0,0.5,0.0,0.5,0.0,0.6576432499137967,0.0,0.5,0.0,0.5,1.0,0.28468663392360516,1.0,0.022925755337291145,0.0,0.4063419387392414,0.0,0.47204406886199646,1.0,0.23150296731352094,0.0,0.4709693710830107,0.0,0.5,0.0,0.5,0.0,0.5,0.0,0.5,0.0,0.5,0.0,0.5021878784979859,0.0,0.5,1.0,1.3314657722409487e-07,0.0,0.5,0.0,0.4806324860667327,0.0,0.5,0.0,0.6591435665442607,1.0,0.4503175350515847,1.0,0.41760878686041114,0.0,0.5,0.0,0.5,0.0,0.5816372210940011,0.0,0.5,1.0,0.004453875459126326,1.0,2.5701377974145618e-05,0.0,0.5,0.0,0.5,1.0,0.0004177173289654641,0.0,0.5,0.0,0.41422051412126376,0.0,0.5,0.0,0.5,0.0,0.5,0.0,0.5,0.0,0.5,0.0,0.4783185261543585,0.0,0.5,0.0,0.5,0.0,0.43209557240702967,0.0,0.5,0.0,0.5047975698311091,1.0,0.2391199512479919,0.0,0.5,0.0,0.5,0.0,0.36367033906871543,1.0,0.4447346214052241,0.0,0.5051600104701425,0.0,0.5,0.0,0.5,0.0,0.5360690281065641,0.0,0.5,0.0,0.5011960044018234,1.0,0.03345737054282196,0.0,0.5,0.0,0.49388421893710577,1.0,0.11306312689513626,0.0,0.49018486933309435,0.0,0.5,0.0,0.5001534780773611,1.0,0.10628727797813764,1.0,0.04458482677996753,1.0,0.00913533391561634,0.0,0.5004913673827429,0.0,0.5,0.0,0.5,0.0,0.5,0.0,0.5,0.0,0.4890706097252648,0.0,0.5,0.0,0.5022186649236063,0.0,0.5,0.0,0.5,1.0,0.17285054875335631,0.0,0.5542798730941064,0.0,0.5121033754510649,0.0,0.5,0.0,0.5,1.0,0.21049309263616256,1.0,0.4540535552792428,0.0,0.42493309489850667,1.0,0.45399420519684147,1.0,0.056009101616694916,0.0,0.49763999124721725,0.0,0.5,0.0,0.427662831075526,0.0,0.4686448547691693,0.0,0.5,0.0,0.5,0.0,0.562701799178059,1.0,0.4783258447329936,0.0,0.5,0.0,0.5528605782371884,0.0,0.5,0.0,0.5,0.0,0.49427652227335434,0.0,0.5995693528098593,0.0,0.5,0.0,0.5,1.0,3.815849545787845e-06,0.0,0.5,0.0,0.5,1.0,0.4482538227600505,0.0,0.5,0.0,0.5159289486263708,0.0,0.5,0.0,0.5,0.0,0.45848291823934634,0.0,0.5039197083858152,1.0,0.27785314887594825,0.0,0.4924748912024557,0.0,0.44579545203346005,0.0,0.5003684762714311,0.0,0.5,0.0,0.5,1.0,0.005560175999886848,0.0,0.4922902378237957,0.0,0.5,0.0,0.5,1.0,0.01706759126841263,0.0,0.5550488510824503,1.0,0.0021614089743960327,1.0,0.08739113378069996,0.0,0.5,0.0,0.503285278854468,0.0,0.5,0.0,0.4853086749487289,0.0,0.4569572664890574,0.0,0.5,0.0,0.5,1.0,0.45594195602950033,1.0,0.19619840086221718,0.0,0.5,0.0,0.5,0.0,0.49304105695482003,0.0,0.4968906351673823,0.0,0.5,0.0,0.49075497812968405,0.0,0.4613568654567168,0.0,0.6055441895805694,1.0,0.0109448026002153,0.0,0.5,0.0,0.4518457189116638,1.0,0.08322014710067444,1.0,0.19601754063910282,1.0,0.22410944326420573,0.0,0.4629436878005371,0.0,0.5225162712257333,0.0,0.48916880240609995,0.0,0.5,0.0,0.5119851165831404,1.0,0.046601175573168264,1.0,0.18925623397329788,0.0,0.5,0.0,0.43734649228176203,1.0,0.2932278785486552,0.0,0.5,0.0,0.6416920847910038,1.0,0.5,0.0,0.4560690454697274,1.0,5.127609984454712e-05,1.0,0.28605619576342217,0.0,0.5,0.0,0.41622179599559284,0.0,0.5,0.0,0.5051152245579849,1.0,0.012113210013738251,1.0,0.37885177571635775,0.0,0.5,0.0,0.5,0.0,0.48397815779230857,1.0,0.014162704645257861,0.0,0.5,1.0,0.23171966252789372,0.0,0.5,0.0,0.5,1.0,0.29235109950808924,0.0,0.5,0.0,0.5,1.0,0.4995305023741419,0.0,0.431178294912628,0.0,0.530016387792963,0.0,0.5,0.0,0.5,1.0,0.14484673508890145,0.0,0.40068942704294214
CPI_bt,300,74.6713695526123,0.96126848123325,1.0,7.411923544685174e-08,0.0,0.5,0.0,0.5729784249663682,0.0,0.5183663740840416,0.0,0.5,0.0,0.5,0.0,0.5,0.0,0.537547329179043,1.0,0.47414732915425006,0.0,0.5,0.0,0.5,0.0,0.5710598499971264,0.0,0.5,0.0,0.5,1.0,0.042375775568631945,1.0,3.1528018155133775e-08,0.0,0.34567922368719023,0.0,0.3917587276278096,1.0,0.18095582934722365,0.0,0.49284150247096886,0.0,0.5,0.0,0.5,0.0,0.5,0.0,0.5,0.0,0.5,0.0,0.4913922480488319,0.0,0.5,1.0,0.011030631747688294,0.0,0.5,0.0,0.31182453642187435,0.0,0.5,0.0,0.5838017246648042,1.0,0.3134222542334689,1.0,0.023513477721847413,0.0,0.5,0.0,0.5,0.0,0.6055927011834821,0.0,0.5,1.0,3.0468156218298955e-10,1.0,9.941138534204318e-17,0.0,0.5,0.0,0.5,1.0,2.0584068557540662e-10,0.0,0.5,0.0,0.38734393785304416,0.0,0.5,0.0,0.5,0.0,0.5,0.0,0.5,0.0,0.5,0.0,0.46621386485288996,0.0,0.5,0.0,0.5,0.0,0.593836583837785,0.0,0.5,0.0,0.5052097571132638,1.0,0.04481185953249896,0.0,0.5,0.0,0.5,0.0,0.4815067680731846,1.0,0.4297455774926101,0.0,0.47100387236203417,0.0,0.5,0.0,0.5,0.0,0.53310749925014,0.0,0.5,0.0,0.5036883512573211,1.0,0.021176779742743235,0.0,0.5,0.0,0.5084573355792136,1.0,0.20827042144781405,0.0,0.5012912189050669,0.0,0.5,0.0,0.49716323513710325,1.0,0.0065254298608422604,1.0,3.859408969032997e-07,1.0,3.4634828025572723e-06,0.0,0.5256302201306474,0.0,0.5,0.0,0.5,0.0,0.5,0.0,0.5,0.0,0.5033746012873572,0.0,0.5,0.0,0.5003521697949787,0.0,0.5,0.0,0.5,1.0,0.002586340630917909,0.0,0.6377285056065103,0.0,0.5027808249050755,0.0,0.5,0.0,0.5,1.0,0.15278548156085825,1.0,0.615340680757399,0.0,0.23222755562048952,1.0,0.5047821468635045,1.0,4.87515573519217e-07,0.0,0.5062137713986796,0.0,0.5,0.0,0.47067912918967103,0.0,0.500121123966176,0.0,0.5,0.0,0.5,0.0,0.5805758926021564,1.0,0.2340753440430388,0.0,0.5,0.0,0.5453836134044255,0.0,0.5,0.0,0.5,0.0,0.49711387263716467,0.0,0.5998371837156427,0.0,0.5,0.0,0.5,1.0,1.5026281456627354e-31,0.0,0.5,0.0,0.5,1.0,0.51628677940172,0.0,0.5,0.0,0.503391521541906,0.0,0.5,0.0,0.5,0.0,0.4606025573358088,0.0,0.5062113511916309,1.0,0.18421342037338928,0.0,0.474666616861925,0.0,0.5091081881792903,0.0,0.5007739143415932,0.0,0.5,0.0,0.5,1.0,2.7743960502712656e-06,0.0,0.49805981248657444,0.0,0.5,0.0,0.5,1.0,4.0278704478317454e-13,0.0,0.5401168106038603,1.0,1.5312883883930917e-09,1.0,0.08504134339983399,0.0,0.5,0.0,0.5128938828103474,0.0,0.5,0.0,0.4878394604858237,0.0,0.5338101750336155,0.0,0.5,0.0,0.5,1.0,0.2455112576236217,1.0,0.07729834340609347,0.0,0.5,0.0,0.5,0.0,0.5857457305380419,0.0,0.5166854039738594,0.0,0.5,0.0,0.4892483184619961,0.0,0.4159390964363129,0.0,0.5369699733727481,1.0,1.6009333430191348e-06,0.0,0.5,0.0,0.34416001152591313,1.0,0.013654418667917565,1.0,0.003165544657314554,1.0,0.21549068844776548,0.0,0.6582920372808605,0.0,0.5122776070629615,0.0,0.5115237103009804,0.0,0.5,0.0,0.5445763384760458,1.0,0.0022692705136290597,1.0,0.04229825803433153,0.0,0.5,0.0,0.5525500724302675,1.0,0.006356295210607236,0.0,0.5,0.0,0.5328461636653226,1.0,0.5,0.0,0.542091593999633,1.0,7.775397442037403e-12,1.0,0.3344841367386578,0.0,0.5,0.0,0.4347596775617952,0.0,0.5,0.0,0.4695451754790758,1.0,0.0016856622727963613,1.0,0.3095545738263529,0.0,0.5,0.0,0.5,0.0,0.5138584011325883,1.0,2.3286147192056463e-09,0.0,0.5,1.0,0.16638315498999262,0.0,0.5,0.0,0.5,1.0,0.06950956199245738,0.0,0.5,0.0,0.5,1.0,0.4927204992908404,0.0,0.4554407964774736,0.0,0.5457334995882184,0.0,0.5,0.0,0.5,1.0,0.0035648006375043916,0.0,0.597411307075373
CPI_sqd,300,74.6989266872406,0.96126848123325,1.0,1.1781059311972315e-63,0.0,0.5,0.0,1.0,0.0,0.0001551255666671347,0.0,0.5,0.0,0.5,0.0,0.5,0.0,0.14077734463057434,1.0,9.532924707406432e-43,0.0,0.5,0.0,0.5,0.0,1.0,0.0,0.5,0.0,0.5,1.0,2.7376034812774845e-308,1.0,7.951423539066136e-50,0.0,2.3156556874882888e-15,0.0,4.727050095125797e-32,1.0,2.5467981741565484e-46,0.0,6.355538039890236e-07,0.0,0.5,0.0,0.5,0.0,0.5,0.0,0.5,0.0,0.5,0.0,0.9976493640226977,0.0,0.5,1.0,4.831877761649739e-13,0.0,0.5,0.0,4.9724319612898155e-86,0.0,0.5,0.0,0.3214818193441623,1.0,6.442884673993951e-283,1.0,4.7884755671121795e-80,0.0,0.5,0.0,0.5,0.0,0.38691362510559246,0.0,0.5,1.0,1.3603867513190242e-62,1.0,1.7307499287785138e-52,0.0,0.5,0.0,0.5,1.0,1.5110471745266193e-200,0.0,0.5,0.0,0.9863234594450385,0.0,0.5,0.0,0.5,0.0,0.5,0.0,0.5,0.0,0.5,0.0,6.484628101215113e-05,0.0,0.5,0.0,0.5,0.0,2.9102125198639637e-138,0.0,0.5,0.0,0.9999999998245249,1.0,1.2691344744915012e-38,0.0,0.5,0.0,0.5,0.0,2.3376148947758303e-129,1.0,2.6710676727100366e-05,0.0,0.9999999999996446,0.0,0.5,0.0,0.5,0.0,0.9999999999999973,0.0,0.5,0.0,0.4057808212466979,1.0,2.1924037430443526e-79,0.0,0.5,0.0,1.5465617882038403e-05,1.0,7.179434262349408e-47,0.0,0.9999999983847638,0.0,0.5,0.0,0.11072692315935062,1.0,3.0057569189724986e-153,1.0,5.028940423886581e-154,1.0,2.7058481577073268e-42,0.0,0.002139733916342635,0.0,0.5,0.0,0.5,0.0,0.5,0.0,0.5,0.0,0.012716344713018447,0.0,0.5,0.0,0.8496634018596835,0.0,0.5,0.0,0.5,1.0,6.693749744746924e-50,0.0,0.9999999999969706,0.0,0.9923378829651901,0.0,0.5,0.0,0.5,1.0,5.787634578482275e-132,1.0,0.0007056020284242822,0.0,2.88670064849072e-41,1.0,1.1328535905859969e-06,1.0,3.992419442222778e-133,0.0,0.401969370397537,0.0,0.5,0.0,0.04088982739408429,0.0,0.0323432120825344,0.0,0.5,0.0,0.5,0.0,1.0,1.0,4.4305712015720815e-109,0.0,0.5,0.0,1.0,0.0,0.5,0.0,0.5,0.0,0.7584971542741701,0.0,1.0,0.0,0.5,0.0,0.5,1.0,1.2935516056483502e-68,0.0,0.5,0.0,0.5,1.0,8.585002035727792e-40,0.0,0.5,0.0,0.8126359895143787,0.0,0.5,0.0,0.5,0.0,1.0,0.0,0.45206297743966617,1.0,1.6580463341064884e-09,0.0,0.18025796188394466,0.0,2.4006594151556837e-49,0.0,0.5950981838480506,0.0,0.5,0.0,0.5,1.0,6.881399327413713e-48,0.0,0.9865326875356881,0.0,0.5,0.0,0.5,1.0,4.638479594114042e-140,0.0,6.192164525247437e-25,1.0,3.0986406673668032e-170,1.0,5.1894135813284446e-90,0.0,0.5,0.0,0.9999999999999927,0.0,0.5,0.0,9.120224189099313e-05,0.0,2.0865886413560774e-14,0.0,0.5,0.0,0.5,1.0,0.0028104283572515034,1.0,0.006531215738281975,0.0,0.5,0.0,0.5,0.0,0.9999999742420708,0.0,0.9879468487962939,0.0,0.5,0.0,0.0005105525826920943,0.0,0.9999791049825687,0.0,3.525593553920318e-58,1.0,9.81185404664838e-83,0.0,0.5,0.0,8.220394332227443e-153,1.0,4.755394333051224e-229,1.0,4.35013404901874e-40,1.0,2.883505072186628e-221,0.0,0.9394054873212574,0.0,0.9977932046125177,0.0,0.999949791395167,0.0,0.5,0.0,1.0,1.0,7.512093224118748e-196,1.0,0.0,0.0,0.5,0.0,4.6353904387893703e-07,1.0,3.776876942766782e-108,0.0,0.5,0.0,1.0,1.0,0.5,0.0,0.001708053842218442,1.0,7.315475630345962e-23,1.0,2.1542164963020294e-27,0.0,0.5,0.0,6.79138459146763e-126,0.0,0.5,0.0,0.998253645316979,1.0,4.186047681012579e-119,1.0,1.677044594018323e-150,0.0,0.5,0.0,0.5,0.0,0.8532113605568831,1.0,1.8496837295767735e-69,0.0,0.5,1.0,4.128806407143962e-20,0.0,0.5,0.0,0.5,1.0,3.3950824474649824e-136,0.0,0.5,0.0,0.5,1.0,0.012616050544149937,0.0,1.6327363784087595e-48,0.0,1.0,0.0,0.5,0.0,0.5,1.0,3.138554192682819e-59,0.0,5.981495453443385e-36
S-CPI,300,74.43850016593933,0.96126848123325,1.0,0.06224723709163647,0.0,0.20336012293294503,0.0,0.7231252263927991,0.0,0.5354790920663909,0.0,0.20336012293294503,0.0,0.20336012293294503,0.0,0.20336012293294503,0.0,0.9539622908712464,1.0,0.11387006111745035,0.0,0.20336012293294503,0.0,0.20336012293294503,0.0,0.9534526763556452,0.0,0.20336012293294503,0.0,0.20336012293294503,1.0,0.08538180545073087,1.0,0.011077958975255053,0.0,0.11572587929762834,0.0,0.14220273361266134,1.0,0.16919318545707257,0.0,0.12877642694392621,0.0,0.20336012293294503,0.0,0.20336012293294503,0.0,0.20336012293294503,0.0,0.20336012293294503,0.0,0.20336012293294503,0.0,0.6396804550795065,0.0,0.20336012293294503,1.0,2.8727287175117143e-05,0.0,0.20336012293294503,0.0,0.16793031900202332,0.0,0.20336012293294503,0.0,0.9611104551622531,1.0,0.0363047246697963,1.0,0.2548680036768115,0.0,0.20336012293294503,0.0,0.20336012293294503,0.0,0.9171504256526182,0.0,0.20336012293294503,1.0,0.09000753597169125,1.0,4.3956707813708335e-06,0.0,0.20336012293294503,0.0,0.20336012293294503,1.0,4.443443706061591e-06,0.0,0.20336012293294503,0.0,0.07837654422386069,0.0,0.20336012293294503,0.0,0.20336012293294503,0.0,0.20336012293294503,0.0,0.20336012293294503,0.0,0.20336012293294503,0.0,0.365495182979577,0.0,0.20336012293294503,0.0,0.20336012293294503,0.0,0.6339197644736351,0.0,0.20336012293294503,0.0,0.7997193597342361,1.0,0.021326916913620292,0.0,0.20336012293294503,0.0,0.20336012293294503,0.0,0.04308904991297462,1.0,0.3554347845851101,0.0,0.7434125756123673,0.0,0.20336012293294503,0.0,0.20336012293294503,0.0,0.9676122284219701,0.0,0.20336012293294503,0.0,0.09698205939534793,1.0,0.0025012444400636206,0.0,0.20336012293294503,0.0,0.06096564734848165,1.0,0.05863535322701737,0.0,0.49300915505429443,0.0,0.20336012293294503,0.0,0.22726631200078434,1.0,0.04185084533664284,1.0,0.004377192045319314,1.0,0.00041712827139398813,0.0,0.5987880049550739,0.0,0.20336012293294503,0.0,0.20336012293294503,0.0,0.20336012293294503,0.0,0.20336012293294503,0.0,0.22899573499611198,0.0,0.20336012293294503,0.0,0.8399122720595975,0.0,0.20336012293294503,0.0,0.20336012293294503,1.0,0.062067928998135444,0.0,0.8358111375256657,0.0,0.9455375438063126,0.0,0.20336012293294503,0.0,0.20336012293294503,1.0,0.13025869845743926,1.0,0.623697688893821,0.0,0.33596848175203137,1.0,0.2726909581539939,1.0,0.003671487150308696,0.0,0.5322650611985313,0.0,0.20336012293294503,0.0,0.13560145014598252,0.0,0.3785851400766522,0.0,0.20336012293294503,0.0,0.20336012293294503,0.0,0.8306512269475887,1.0,0.039214926155883144,0.0,0.20336012293294503,0.0,0.9160832051520708,0.0,0.20336012293294503,0.0,0.20336012293294503,0.0,0.40150681173951475,0.0,0.9806260637421478,0.0,0.20336012293294503,0.0,0.20336012293294503,1.0,7.082483915482874e-07,0.0,0.20336012293294503,0.0,0.20336012293294503,1.0,0.43080174680364425,0.0,0.20336012293294503,0.0,0.9336824287433064,0.0,0.20336012293294503,0.0,0.20336012293294503,0.0,0.44788764924934693,0.0,0.36073002342076216,1.0,0.25384712298433243,0.0,0.6663413970330438,0.0,0.41405321130570905,0.0,0.9213185423749519,0.0,0.20336012293294503,0.0,0.20336012293294503,1.0,0.08070277245575208,0.0,0.34483583203166845,0.0,0.20336012293294503,0.0,0.20336012293294503,1.0,0.00020003991216089605,0.0,0.8689191026190537,1.0,0.00020867233916289238,1.0,0.01912365342565295,0.0,0.20336012293294503,0.0,0.6045562288594573,0.0,0.20336012293294503,0.0,0.3350637253331039,0.0,0.2717926334411104,0.0,0.20336012293294503,0.0,0.20336012293294503,1.0,0.2613381504636374,1.0,0.1864357610298486,0.0,0.20336012293294503,0.0,0.20336012293294503,0.0,0.8290926979356377,0.0,0.363018453493292,0.0,0.20336012293294503,0.0,0.07352568544088244,0.0,0.29047669259011966,0.0,0.7618236664023521,1.0,0.0026682456544317753,0.0,0.20336012293294503,0.0,0.033454376669241705,1.0,0.0006339180412622419,1.0,0.20840418746581868,1.0,0.0005434557704103208,0.0,0.6944203600525283,0.0,0.9102779395320642,0.0,0.2598453426578078,0.0,0.20336012293294503,0.0,0.6557958786352867,1.0,0.019645462567248414,1.0,0.0005845081705859504,0.0,0.20336012293294503,0.0,0.5649664318385283,1.0,0.03490571066709941,0.0,0.20336012293294503,0.0,0.8436798189425356,1.0,0.20336012293294503,0.0,0.6062618901757497,1.0,5.491069898777914e-07,1.0,0.23540752855101438,0.0,0.20336012293294503,0.0,0.012802462701645615,0.0,0.20336012293294503,0.0,0.3560398325894316,1.0,0.01992497070622563,1.0,0.039074893901544804,0.0,0.20336012293294503,0.0,0.20336012293294503,0.0,0.7604272153750717,1.0,0.00012832534128159417,0.0,0.20336012293294503,1.0,0.3980670092754457,0.0,0.20336012293294503,0.0,0.20336012293294503,1.0,0.03416801832074192,0.0,0.20336012293294503,0.0,0.20336012293294503,1.0,0.13006106914845017,0.0,0.5738652314946153,0.0,0.5553850431209995,0.0,0.20336012293294503,0.0,0.20336012293294503,1.0,0.1691402191410888,0.0,0.5163648802731263
S-CPI_sqrt,300,74.42677283287048,0.96126848123325,1.0,0.3210898042705581,0.0,0.4999999999999999,0.0,0.5095932369088824,0.0,0.5007110807528518,0.0,0.4999999999999999,0.0,0.4999999999999999,0.0,0.4999999999999999,0.0,0.5074931335646651,1.0,0.49598595514461485,0.0,0.4999999999999999,0.0,0.4999999999999999,0.0,0.5345865723007428,0.0,0.4999999999999999,0.0,0.4999999999999999,1.0,0.4679997644401457,1.0,0.3644157474647982,0.0,0.47878305614411826,0.0,0.49425032366411514,1.0,0.43350614685075517,0.0,0.4948720240506144,0.0,0.4999999999999999,0.0,0.4999999999999999,0.0,0.4999999999999999,0.0,0.4999999999999999,0.0,0.4999999999999999,0.0,0.5005737316236738,0.0,0.4999999999999999,1.0,0.017698318271236173,0.0,0.4999999999999999,0.0,0.48941747257073753,0.0,0.4999999999999999,0.0,0.5228618155168798,1.0,0.48676072684450816,1.0,0.46887844248188293,0.0,0.4999999999999999,0.0,0.4999999999999999,0.0,0.5109869652911447,0.0,0.4999999999999999,1.0,0.3408906443474121,1.0,0.09569783882970634,0.0,0.4999999999999999,0.0,0.4999999999999999,1.0,0.1538105236246362,0.0,0.4999999999999999,0.0,0.49230943762399115,0.0,0.4999999999999999,0.0,0.4999999999999999,0.0,0.4999999999999999,0.0,0.4999999999999999,0.0,0.4999999999999999,0.0,0.49942778446814545,0.0,0.4999999999999999,0.0,0.4999999999999999,0.0,0.49642210335440135,0.0,0.4999999999999999,0.0,0.5032010315364868,1.0,0.417033247974383,0.0,0.4999999999999999,0.0,0.4999999999999999,0.0,0.4829318444503002,1.0,0.4908670839704853,0.0,0.5009662953501348,0.0,0.4999999999999999,0.0,0.4999999999999999,0.0,0.5056281678222363,0.0,0.4999999999999999,0.0,0.49978991051014926,1.0,0.3477904641482965,0.0,0.4999999999999999,0.0,0.4976157041799296,1.0,0.4432832996838113,0.0,0.5025265451152463,0.0,0.4999999999999999,0.0,0.49993655623963734,1.0,0.4015729117068125,1.0,0.29751114163557907,1.0,0.18799647628929506,0.0,0.5007468909204679,0.0,0.4999999999999999,0.0,0.4999999999999999,0.0,0.4999999999999999,0.0,0.4999999999999999,0.0,0.4981789621040904,0.0,0.4999999999999999,0.0,0.5005642015041409,0.0,0.4999999999999999,0.0,0.4999999999999999,1.0,0.338277991146389,0.0,0.5151986645694556,0.0,0.5029014047106695,0.0,0.4999999999999999,0.0,0.4999999999999999,1.0,0.46752800634179786,1.0,0.5026082268199317,0.0,0.4778534228416088,1.0,0.49050902684425124,1.0,0.2558062191152009,0.0,0.5001275942053454,0.0,0.4999999999999999,0.0,0.49614207094906215,0.0,0.49821965659005557,0.0,0.4999999999999999,0.0,0.4999999999999999,0.0,0.5140139340976768,1.0,0.45259178753576884,0.0,0.4999999999999999,0.0,0.5189472931573564,0.0,0.4999999999999999,0.0,0.4999999999999999,0.0,0.5006371005620465,0.0,0.5151713362279648,0.0,0.4999999999999999,0.0,0.4999999999999999,1.0,0.07693827752679282,0.0,0.4999999999999999,0.0,0.4999999999999999,1.0,0.5023430765787863,0.0,0.4999999999999999,0.0,0.5026169759506637,0.0,0.4999999999999999,0.0,0.4999999999999999,0.0,0.5069167852823925,0.0,0.5000040987474279,1.0,0.5042487932554615,0.0,0.5012101979317107,0.0,0.49989007650904743,0.0,0.5000577218778645,0.0,0.4999999999999999,0.0,0.4999999999999999,1.0,0.34143500404450244,0.0,0.49978797766779104,0.0,0.4999999999999999,0.0,0.4999999999999999,1.0,0.22106156926889686,0.0,0.513274728190417,1.0,0.2934982294137565,1.0,0.4282836806390441,0.0,0.4999999999999999,0.0,0.5012770075005836,0.0,0.4999999999999999,0.0,0.4976158178882387,0.0,0.49919424802140067,0.0,0.4999999999999999,0.0,0.4999999999999999,1.0,0.48637973078541236,1.0,0.4728784342761589,0.0,0.4999999999999999,0.0,0.4999999999999999,0.0,0.5254417591494779,0.0,0.4991451888128764,0.0,0.4999999999999999,0.0,0.4971678777883136,0.0,0.49445742367679607,0.0,0.5063940347764427,1.0,0.27920082887182557,0.0,0.4999999999999999,0.0,0.48444510044918276,1.0,0.3707382844225606,1.0,0.4295236748734232,1.0,0.44616288710787383,0.0,0.5150465955427401,0.0,0.5017165421681988,0.0,0.4958469481647422,0.0,0.4999999999999999,0.0,0.503434865579745,1.0,0.35307500024278804,1.0,0.41161792869051383,0.0,0.4999999999999999,0.0,0.5060681759371161,1.0,0.4246643522118802,0.0,0.4999999999999999,0.0,0.5298029551151154,1.0,0.4999999999999999,0.0,0.49770208667118737,1.0,0.03401686620228686,1.0,0.4871134196753789,0.0,0.4999999999999999,0.0,0.4890914143814816,0.0,0.4999999999999999,0.0,0.49874952410553,1.0,0.32022469880144344,1.0,0.4466414753358391,0.0,0.4999999999999999,0.0,0.4999999999999999,0.0,0.49953832013520055,1.0,0.2661456883323426,0.0,0.4999999999999999,1.0,0.45104035724106134,0.0,0.4999999999999999,0.0,0.4999999999999999,1.0,0.4411603194975725,0.0,0.4999999999999999,0.0,0.4999999999999999,1.0,0.49947962347713204,0.0,0.5117291573510062,0.0,0.5023337753200546,0.0,0.4999999999999999,0.0,0.4999999999999999,1.0,0.46376361966055035,0.0,0.506511941303307
S-CPI_n,300,74.40428709983826,0.96126848123325,1.0,0.05613731922956724,0.0,0.4999999999999991,0.0,0.6014266126126149,0.0,0.5014586990269438,0.0,0.4999999999999991,0.0,0.4999999999999991,0.0,0.4999999999999991,0.0,0.5702173481317734,1.0,0.4816401171953569,0.0,0.4999999999999991,0.0,0.4999999999999991,0.0,0.7943393557874513,0.0,0.4999999999999991,0.0,0.4999999999999991,1.0,0.3639846845566257,1.0,0.011902166295639767,0.0,0.4002210376925894,0.0,0.40915802424653974,1.0,0.253366944621811,0.0,0.4622450909139638,0.0,0.4999999999999991,0.0,0.4999999999999991,0.0,0.4999999999999991,0.0,0.4999999999999991,0.0,0.4999999999999991,0.0,0.5105477055982747,0.0,0.4999999999999991,1.0,2.626629599948726e-05,0.0,0.4999999999999991,0.0,0.47858342508564705,0.0,0.4999999999999991,0.0,0.6570049716851922,1.0,0.348689100597278,1.0,0.32041633427740623,0.0,0.4999999999999991,0.0,0.4999999999999991,0.0,0.596766280220046,0.0,0.4999999999999991,1.0,0.04045112830420598,1.0,0.00015896149766278953,0.0,0.4999999999999991,0.0,0.4999999999999991,1.0,0.0004408615291332102,0.0,0.4999999999999991,0.0,0.40196308717246076,0.0,0.4999999999999991,0.0,0.4999999999999991,0.0,0.4999999999999991,0.0,0.4999999999999991,0.0,0.4999999999999991,0.0,0.4914309851882623,0.0,0.4999999999999991,0.0,0.4999999999999991,0.0,0.5339275927172263,0.0,0.4999999999999991,0.0,0.5355074063895233,1.0,0.19619841558022538,0.0,0.4999999999999991,0.0,0.4999999999999991,0.0,0.36724429173009254,1.0,0.4470479731664481,0.0,0.5076975855592449,0.0,0.4999999999999991,0.0,0.4999999999999991,0.0,0.5349556633223718,0.0,0.4999999999999991,0.0,0.4993373060818432,1.0,0.04433373628315231,0.0,0.4999999999999991,0.0,0.46302453960364925,1.0,0.28499866324227185,0.0,0.5201583965238248,0.0,0.4999999999999991,0.0,0.49329835058137794,1.0,0.11880838522606813,1.0,0.040455797999699984,1.0,0.004934246075535894,0.0,0.5039643000299187,0.0,0.4999999999999991,0.0,0.4999999999999991,0.0,0.4999999999999991,0.0,0.4999999999999991,0.0,0.475435441436236,0.0,0.4999999999999991,0.0,0.5029177184082811,0.0,0.4999999999999991,0.0,0.4999999999999991,1.0,0.08354368206927182,0.0,0.5803219889879057,0.0,0.5215137402334288,0.0,0.4999999999999991,0.0,0.4999999999999991,1.0,0.35076539498580983,1.0,0.5073511514047242,0.0,0.45673098637470133,1.0,0.4423217221946439,1.0,0.01852372339755807,0.0,0.5089371154734913,0.0,0.4999999999999991,0.0,0.45174244421988,0.0,0.49153928860219176,0.0,0.4999999999999991,0.0,0.4999999999999991,0.0,0.6090100686311395,1.0,0.28512637757174064,0.0,0.4999999999999991,0.0,0.6300439971007277,0.0,0.4999999999999991,0.0,0.4999999999999991,0.0,0.5023579631894826,0.0,0.6038271182980137,0.0,0.4999999999999991,0.0,0.4999999999999991,1.0,9.144919772854061e-05,0.0,0.4999999999999991,0.0,0.4999999999999991,1.0,0.5229141974386953,0.0,0.4999999999999991,0.0,0.5149512135729597,0.0,0.4999999999999991,0.0,0.4999999999999991,0.0,0.5473273024918988,0.0,0.4992723341781945,1.0,0.39291087926963236,0.0,0.5086295596982107,0.0,0.49252829508190743,0.0,0.5008007854854584,0.0,0.4999999999999991,0.0,0.4999999999999991,1.0,0.16964866284440422,0.0,0.5180891669907787,0.0,0.4999999999999991,0.0,0.4999999999999991,1.0,0.0031385286509786137,0.0,0.5835627252443459,1.0,0.01660973358941513,1.0,0.09683013838332555,0.0,0.4999999999999991,0.0,0.5186355181737771,0.0,0.4999999999999991,0.0,0.48657424829949486,0.0,0.4776691336963972,0.0,0.4999999999999991,0.0,0.4999999999999991,1.0,0.4588602328897516,1.0,0.3004755945090754,0.0,0.4999999999999991,0.0,0.4999999999999991,0.0,0.6380499517856055,0.0,0.4915191587152577,0.0,0.4999999999999991,0.0,0.47602281453422857,0.0,0.47236853992859607,0.0,0.5201073380386538,1.0,0.008541525978110608,0.0,0.4999999999999991,0.0,0.32637574581147555,1.0,0.06764755357510767,1.0,0.2997738457681334,1.0,0.17399782266892228,0.0,0.557188199180576,0.0,0.5254119911510675,0.0,0.4713459716050557,0.0,0.4999999999999991,0.0,0.5346157844533591,1.0,0.047815031664577616,1.0,0.10182565072527566,0.0,0.4999999999999991,0.0,0.5765182932760515,1.0,0.1554371973876048,0.0,0.4999999999999991,0.0,0.6513810992345875,1.0,0.4999999999999991,0.0,0.5307215842118351,1.0,2.1140418902465956e-05,1.0,0.3433426128283906,0.0,0.4999999999999991,0.0,0.4003693107288723,0.0,0.4999999999999991,0.0,0.49300250505918436,1.0,0.04197404678665157,1.0,0.22762515253773113,0.0,0.4999999999999991,0.0,0.4999999999999991,0.0,0.5025824737744908,1.0,0.008053281144165548,0.0,0.4999999999999991,1.0,0.4076064703551905,0.0,0.4999999999999991,0.0,0.4999999999999991,1.0,0.16409548698535642,0.0,0.4999999999999991,0.0,0.4999999999999991,1.0,0.4910715503440831,0.0,0.5523922895460919,0.0,0.503496835412659,0.0,0.4999999999999991,0.0,0.4999999999999991,1.0,0.2899448484265784,0.0,0.5710662586415154
S-CPI_bt,300,75.29014849662781,0.96126848123325,1.0,0.0010042979909005733,0.0,0.4999999999999991,0.0,0.5700556705856283,0.0,0.4934370233366375,0.0,0.4999999999999991,0.0,0.4999999999999991,0.0,0.4999999999999991,0.0,0.5909492581858942,1.0,0.44996023940516927,0.0,0.4999999999999991,0.0,0.4999999999999991,0.0,0.7898544394653427,0.0,0.4999999999999991,0.0,0.4999999999999991,1.0,0.282524334729593,1.0,9.764206327290493e-05,0.0,0.2963995515549363,0.0,0.4478325133668487,1.0,0.09050724637594604,0.0,0.46002294598149646,0.0,0.4999999999999991,0.0,0.4999999999999991,0.0,0.4999999999999991,0.0,0.4999999999999991,0.0,0.4999999999999991,0.0,0.5186689253590554,0.0,0.4999999999999991,1.0,0.00020388795294199735,0.0,0.4999999999999991,0.0,0.40937085598192724,0.0,0.4999999999999991,0.0,0.6530507405977887,1.0,0.3419961940759425,1.0,0.1336343607123085,0.0,0.4999999999999991,0.0,0.4999999999999991,0.0,0.5822906482288029,0.0,0.4999999999999991,1.0,0.0030876457835727917,1.0,6.306815564802258e-11,0.0,0.4999999999999991,0.0,0.4999999999999991,1.0,1.7374445631098185e-15,0.0,0.4999999999999991,0.0,0.41277927662887387,0.0,0.4999999999999991,0.0,0.4999999999999991,0.0,0.4999999999999991,0.0,0.4999999999999991,0.0,0.4999999999999991,0.0,0.4771398242535399,0.0,0.4999999999999991,0.0,0.4999999999999991,0.0,0.5263101520315275,0.0,0.4999999999999991,0.0,0.5368285615729587,1.0,0.1304513128083996,0.0,0.4999999999999991,0.0,0.4999999999999991,0.0,0.33057225623878805,1.0,0.4636590281557585,0.0,0.5017108289073361,0.0,0.4999999999999991,0.0,0.4999999999999991,0.0,0.555071275520228,0.0,0.4999999999999991,0.0,0.4991106428641756,1.0,6.770993061001662e-05,0.0,0.4999999999999991,0.0,0.4778523324139693,1.0,0.058844635331205035,0.0,0.5404696643536193,0.0,0.4999999999999991,0.0,0.49378987725644624,1.0,0.013504525449596329,1.0,2.587059731332832e-05,1.0,5.113739902233478e-07,0.0,0.5270194158559782,0.0,0.4999999999999991,0.0,0.4999999999999991,0.0,0.4999999999999991,0.0,0.4999999999999991,0.0,0.48760144326317123,0.0,0.4999999999999991,0.0,0.5038860725360953,0.0,0.4999999999999991,0.0,0.4999999999999991,1.0,0.0010244957699006585,0.0,0.6669995276277244,0.0,0.5248490710101211,0.0,0.4999999999999991,0.0,0.4999999999999991,1.0,0.23682041316089936,1.0,0.524304979950244,0.0,0.25511593876795824,1.0,0.388175428288796,1.0,1.3721107317080471e-06,0.0,0.5016835444711901,0.0,0.4999999999999991,0.0,0.45754244620521745,0.0,0.489119846398247,0.0,0.4999999999999991,0.0,0.4999999999999991,0.0,0.5716934321660625,1.0,0.1428906400100593,0.0,0.4999999999999991,0.0,0.6464330300473308,0.0,0.4999999999999991,0.0,0.4999999999999991,0.0,0.4973921499027181,0.0,0.6803711399092935,0.0,0.4999999999999991,0.0,0.4999999999999991,1.0,1.1765861038576082e-10,0.0,0.4999999999999991,0.0,0.4999999999999991,1.0,0.5090785085682441,0.0,0.4999999999999991,0.0,0.5193718988248187,0.0,0.4999999999999991,0.0,0.4999999999999991,0.0,0.5433048736961836,0.0,0.5024834804600079,1.0,0.22031521284200573,0.0,0.5039908394992351,0.0,0.4796095209351376,0.0,0.500362128082017,0.0,0.4999999999999991,0.0,0.4999999999999991,1.0,0.0027045130706805287,0.0,0.5081807979528109,0.0,0.4999999999999991,0.0,0.4999999999999991,1.0,3.780402710008806e-10,0.0,0.577998911574952,1.0,2.2256276720984145e-05,1.0,0.005848439084102821,0.0,0.4999999999999991,0.0,0.47871448149089024,0.0,0.4999999999999991,0.0,0.510742319060467,0.0,0.4632268710887006,0.0,0.4999999999999991,0.0,0.4999999999999991,1.0,0.5258081996791409,1.0,0.04552405247099669,0.0,0.4999999999999991,0.0,0.4999999999999991,0.0,0.5961064145691538,0.0,0.48897441215368737,0.0,0.4999999999999991,0.0,0.4823493105014385,0.0,0.41341739227378216,0.0,0.528894778776723,1.0,1.8869490961075e-06,0.0,0.4999999999999991,0.0,0.28950906183294794,1.0,0.006467484921413989,1.0,0.09602264599756344,1.0,0.07881276224199385,0.0,0.5285160196804347,0.0,0.5125691246146178,0.0,0.47100044530298757,0.0,0.4999999999999991,0.0,0.5518551847600508,1.0,0.0009788187620036182,1.0,0.02244027674620667,0.0,0.4999999999999991,0.0,0.6023065954787423,1.0,0.0037626324758604467,0.0,0.4999999999999991,0.0,0.6779760128647948,1.0,0.4999999999999991,0.0,0.5463122386957013,1.0,1.5342627694844426e-12,1.0,0.49841318182232786,0.0,0.4999999999999991,0.0,0.37160732562921395,0.0,0.4999999999999991,0.0,0.4885444256226599,1.0,0.004650492733748862,1.0,0.2590486648419284,0.0,0.4999999999999991,0.0,0.4999999999999991,0.0,0.5073199458020962,1.0,4.83990603682684e-07,0.0,0.4999999999999991,1.0,0.2172612660540566,0.0,0.4999999999999991,0.0,0.4999999999999991,1.0,0.09684290028611436,0.0,0.4999999999999991,0.0,0.4999999999999991,1.0,0.48984775085325416,0.0,0.6635176747810565,0.0,0.4977177674024095,0.0,0.4999999999999991,0.0,0.4999999999999991,1.0,0.02996668313295134,0.0,0.5259058999412569
S-CPI_sqd,300,75.49189329147339,0.96126848123325,1.0,8.846737706674749e-13,0.0,0.49999999999992134,0.0,0.9999999999748804,0.0,0.042795582482486196,0.0,0.49999999999992134,0.0,0.49999999999992134,0.0,0.49999999999992134,0.0,1.0,1.0,7.456861321119407e-06,0.0,0.49999999999992134,0.0,0.49999999999992134,0.0,1.0,0.0,0.49999999999992134,0.0,0.49999999999992134,1.0,3.430453394447258e-23,1.0,9.658920217965885e-11,0.0,5.057434626218408e-22,0.0,0.44117721739705473,1.0,1.3210736868583356e-28,0.0,8.173613290358117e-25,0.0,0.49999999999992134,0.0,0.49999999999992134,0.0,0.49999999999992134,0.0,0.49999999999992134,0.0,0.49999999999992134,0.0,0.0815159004320703,0.0,0.49999999999992134,1.0,0.00031105608014517005,0.0,0.49999999999992134,0.0,4.718839501861189e-50,0.0,0.49999999999992134,0.0,1.0,1.0,2.1174531663936732e-239,1.0,0.00012497461207381996,0.0,0.49999999999992134,0.0,0.49999999999992134,0.0,1.0,0.0,0.49999999999992134,1.0,3.5190647489286834e-13,1.0,1.037478778279518e-21,0.0,0.49999999999992134,0.0,0.49999999999992134,1.0,5.425534150767467e-72,0.0,0.49999999999992134,0.0,3.647658444684515e-51,0.0,0.49999999999992134,0.0,0.49999999999992134,0.0,0.49999999999992134,0.0,0.49999999999992134,0.0,0.49999999999992134,0.0,1.48488931306476e-10,0.0,0.49999999999992134,0.0,0.49999999999992134,0.0,0.4613429789069384,0.0,0.49999999999992134,0.0,0.9999999726443944,1.0,5.3196612112728606e-33,0.0,0.49999999999992134,0.0,0.49999999999992134,0.0,3.408586151285393e-178,1.0,5.158671629310724e-16,0.0,0.8883607006525811,0.0,0.49999999999992134,0.0,0.49999999999992134,0.0,1.0,0.0,0.49999999999992134,0.0,0.3556008924979343,1.0,8.240628219259337e-39,0.0,0.49999999999992134,0.0,5.031460600291874e-15,1.0,3.1388720659378436e-71,0.0,0.9898903447533239,0.0,0.49999999999992134,0.0,0.24275482348708538,1.0,1.0966914975422107e-28,1.0,2.3657241502838636e-31,1.0,5.279770540678082e-44,0.0,0.13547667443545303,0.0,0.49999999999992134,0.0,0.49999999999992134,0.0,0.49999999999992134,0.0,0.49999999999992134,0.0,9.908796227935048e-05,0.0,0.49999999999992134,0.0,0.8610641723329543,0.0,0.49999999999992134,0.0,0.49999999999992134,1.0,2.6016149002767618e-11,0.0,1.0,0.0,0.99943297636792,0.0,0.49999999999992134,0.0,0.49999999999992134,1.0,4.009295616559658e-192,1.0,0.9999999989234262,0.0,4.302498599532626e-34,1.0,3.481436705985192e-13,1.0,2.9324453424625296e-114,0.0,0.5406275109463411,0.0,0.49999999999992134,0.0,5.648920903290199e-37,0.0,0.054945438476949625,0.0,0.49999999999992134,0.0,0.49999999999992134,0.0,1.0,1.0,3.481395701541842e-133,0.0,0.49999999999992134,0.0,1.0,0.0,0.49999999999992134,0.0,0.49999999999992134,0.0,0.4919819891447843,0.0,1.0,0.0,0.49999999999992134,0.0,0.49999999999992134,1.0,5.739935222993254e-16,0.0,0.49999999999992134,0.0,0.49999999999992134,1.0,0.9971648506888505,0.0,0.49999999999992134,0.0,0.9999998993447359,0.0,0.49999999999992134,0.0,0.49999999999992134,0.0,0.9999999999999982,0.0,0.3583005517729225,1.0,2.1703351417148944e-26,0.0,0.4052355535508807,0.0,0.7032280942171384,0.0,0.5784646068572961,0.0,0.49999999999992134,0.0,0.49999999999992134,1.0,3.495077110528118e-20,0.0,0.9779688322584137,0.0,0.49999999999992134,0.0,0.49999999999992134,1.0,1.494177386264489e-62,0.0,1.0,1.0,3.4615307466781823e-88,1.0,1.335256830128357e-120,0.0,0.49999999999992134,0.0,0.2092030129675535,0.0,0.49999999999992134,0.0,0.9289931630056364,0.0,1.0982144841195038e-06,0.0,0.49999999999992134,0.0,0.49999999999992134,1.0,6.161745666368226e-08,1.0,2.4360085731340485e-14,0.0,0.49999999999992134,0.0,0.49999999999992134,0.0,1.0,0.0,0.02519101806629692,0.0,0.49999999999992134,0.0,4.0010618654230816e-09,0.0,1.3092655293417757e-10,0.0,0.9999864463041083,1.0,3.548706309348985e-55,0.0,0.49999999999992134,0.0,2.4238681433486288e-163,1.0,3.235263998997101e-211,1.0,1.4921835081806448e-11,1.0,0.0,0.0,1.0,0.0,0.9999994841702821,0.0,3.779290856736047e-24,0.0,0.49999999999992134,0.0,1.0,1.0,5.633291922627324e-59,1.0,0.0,0.0,0.49999999999992134,0.0,0.9921075759365703,1.0,1.6728906728386874e-67,0.0,0.49999999999992134,0.0,1.0,1.0,0.49999999999992134,0.0,0.9361787784931718,1.0,1.4217005583043215e-15,1.0,0.02764511745403551,0.0,0.49999999999992134,0.0,5.240027162341143e-108,0.0,0.49999999999992134,0.0,4.850827184726636e-08,1.0,3.343090828268989e-30,1.0,1.1559609019765355e-55,0.0,0.49999999999992134,0.0,0.49999999999992134,0.0,0.9999999999999207,1.0,3.534858981955113e-28,0.0,0.49999999999992134,1.0,0.075715206237186,0.0,0.49999999999992134,0.0,0.49999999999992134,1.0,4.2939498361718666e-35,0.0,0.49999999999992134,0.0,0.49999999999992134,1.0,0.022784963150737265,0.0,1.0,0.0,0.03373212141243172,0.0,0.49999999999992134,0.0,0.49999999999992134,1.0,2.6458013844597666e-12,0.0,1.0
S-CPI2,300,79.82501935958862,0.96126848123325,1.0,0.05194139307450887,0.0,0.8073738977221312,0.0,0.790900173468682,0.0,0.39977632279870284,0.0,0.8073738977221312,0.0,0.8073738977221312,0.0,0.8073738977221312,0.0,0.9824585865184309,1.0,0.2012182983863271,0.0,0.8073738977221312,0.0,0.8073738977221312,0.0,0.9440522793823393,0.0,0.8073738977221312,0.0,0.8073738977221312,1.0,0.13031470216421137,1.0,0.02287989916505478,0.0,0.1042890324990911,0.0,0.3085682941507818,1.0,0.16938378338119187,0.0,0.12222436866403463,0.0,0.8073738977221312,0.0,0.8073738977221312,0.0,0.8073738977221312,0.0,0.8073738977221312,0.0,0.8073738977221312,0.0,0.7100642899013105,0.0,0.8073738977221312,1.0,1.6200356576382198e-05,0.0,0.8073738977221312,0.0,0.18554610668419796,0.0,0.8073738977221312,0.0,0.8958487341584358,1.0,0.040942031936982426,1.0,0.14746706389363962,0.0,0.8073738977221312,0.0,0.8073738977221312,0.0,0.9636105633769356,0.0,0.8073738977221312,1.0,0.03212349979806505,1.0,1.8115040904259196e-05,0.0,0.8073738977221312,0.0,0.8073738977221312,1.0,5.620191343224445e-06,0.0,0.8073738977221312,0.0,0.15716146140617449,0.0,0.8073738977221312,0.0,0.8073738977221312,0.0,0.8073738977221312,0.0,0.8073738977221312,0.0,0.8073738977221312,0.0,0.3835311139693255,0.0,0.8073738977221312,0.0,0.8073738977221312,0.0,0.38090134646148244,0.0,0.8073738977221312,0.0,0.7583394618184502,1.0,0.0406883087589652,0.0,0.8073738977221312,0.0,0.8073738977221312,0.0,0.06552448365038918,1.0,0.3318435826906359,0.0,0.5518078355368293,0.0,0.8073738977221312,0.0,0.8073738977221312,0.0,0.9454792278594757,0.0,0.8073738977221312,0.0,0.3951108737131417,1.0,0.0041819677225171875,0.0,0.8073738977221312,0.0,0.06443848578712316,1.0,0.05431171825121007,0.0,0.5596521508096722,0.0,0.8073738977221312,0.0,0.3098022419356586,1.0,0.026295545551851277,1.0,0.008163855626143223,1.0,0.0012271880614861447,0.0,0.5477400851643155,0.0,0.8073738977221312,0.0,0.8073738977221312,0.0,0.8073738977221312,0.0,0.8073738977221312,0.0,0.17169556995480206,0.0,0.8073738977221312,0.0,0.8149595234730995,0.0,0.8073738977221312,0.0,0.8073738977221312,1.0,0.03633483598056312,0.0,0.9242117693005932,0.0,0.9163681383237477,0.0,0.8073738977221312,0.0,0.8073738977221312,1.0,0.04905548738563036,1.0,0.6796061944317868,0.0,0.15886955760443083,1.0,0.22079047351448827,1.0,0.0012740297441742193,0.0,0.5424912645954406,0.0,0.8073738977221312,0.0,0.1202324994025078,0.0,0.33147197720877697,0.0,0.8073738977221312,0.0,0.8073738977221312,0.0,0.9417447202575812,1.0,0.04634027215919533,0.0,0.8073738977221312,0.0,0.9312611500201227,0.0,0.8073738977221312,0.0,0.8073738977221312,0.0,0.5975507733505214,0.0,0.9807273965796779,0.0,0.8073738977221312,0.0,0.8073738977221312,1.0,3.651381765714827e-06,0.0,0.8073738977221312,0.0,0.8073738977221312,1.0,0.5133339803273573,0.0,0.8073738977221312,0.0,0.9589856147824658,0.0,0.8073738977221312,0.0,0.8073738977221312,0.0,0.5595111601943872,0.0,0.5079484436090486,1.0,0.23421763684943336,0.0,0.528170170635976,0.0,0.31738311499926297,0.0,0.933887186010109,0.0,0.8073738977221312,0.0,0.8073738977221312,1.0,0.05855862149663367,0.0,0.5614076943128881,0.0,0.8073738977221312,0.0,0.8073738977221312,1.0,0.0002575385602498895,0.0,0.8954700919252223,1.0,0.0004931578955774739,1.0,0.013122065815817454,0.0,0.8073738977221312,0.0,0.43005503020627733,0.0,0.8073738977221312,0.0,0.2892830156174153,0.0,0.39905855684712294,0.0,0.8073738977221312,0.0,0.8073738977221312,1.0,0.3850138085513491,1.0,0.20953579218675356,0.0,0.8073738977221312,0.0,0.8073738977221312,0.0,0.8606590805645007,0.0,0.45087629593967077,0.0,0.8073738977221312,0.0,0.06774667165622483,0.0,0.2843706030043147,0.0,0.6846959993621591,1.0,0.0006629515440427521,0.0,0.8073738977221312,0.0,0.05043112307184458,1.0,0.0011658408667530834,1.0,0.30091374536471466,1.0,0.000346827171660376,0.0,0.806144569173192,0.0,0.9382471737762279,0.0,0.2405569532601748,0.0,0.8073738977221312,0.0,0.7188766498997641,1.0,0.004644567661185989,1.0,0.0009218724379139951,0.0,0.8073738977221312,0.0,0.7293896133617472,1.0,0.03268169424142936,0.0,0.8073738977221312,0.0,0.879411558026554,1.0,0.8073738977221312,0.0,0.683387769462279,1.0,2.7717214886091544e-06,1.0,0.44369492408308187,0.0,0.8073738977221312,0.0,0.031188884584098166,0.0,0.8073738977221312,0.0,0.3343525317355336,1.0,0.036664118840926754,1.0,0.11132941647786748,0.0,0.8073738977221312,0.0,0.8073738977221312,0.0,0.7558959310591262,1.0,0.0005541790501425055,0.0,0.8073738977221312,1.0,0.29802532016777855,0.0,0.8073738977221312,0.0,0.8073738977221312,1.0,0.02226954660206488,0.0,0.8073738977221312,0.0,0.8073738977221312,1.0,0.07196141812951608,0.0,0.7564385754064897,0.0,0.4969914770276424,0.0,0.8073738977221312,0.0,0.8073738977221312,1.0,0.12550868878380145,0.0,0.6745932693191625
S-CPI2_sqrt,300,79.86977171897888,0.96126848123325,1.0,0.3791293719085523,0.0,0.5000000000000009,0.0,0.5079559809028307,0.0,0.49949097741427634,0.0,0.5000000000000009,0.0,0.5000000000000009,0.0,0.5000000000000009,0.0,0.5091804409836697,1.0,0.49628947485847996,0.0,0.5000000000000009,0.0,0.5000000000000009,0.0,0.5445992045262475,0.0,0.5000000000000009,0.0,0.5000000000000009,1.0,0.4567076624541065,1.0,0.31576733880122054,0.0,0.48003534903315603,0.0,0.49204973568311133,1.0,0.4446770990324417,0.0,0.4951465467761578,0.0,0.5000000000000009,0.0,0.5000000000000009,0.0,0.5000000000000009,0.0,0.5000000000000009,0.0,0.5000000000000009,0.0,0.5013979478278722,0.0,0.5000000000000009,1.0,0.004407179692914778,0.0,0.5000000000000009,0.0,0.48723399180385335,0.0,0.5000000000000009,0.0,0.5211349371449618,1.0,0.4812504930156691,1.0,0.46072289283563006,0.0,0.5000000000000009,0.0,0.5000000000000009,0.0,0.5122533548114498,0.0,0.5000000000000009,1.0,0.352315201808197,1.0,0.07529201128667792,0.0,0.5000000000000009,0.0,0.5000000000000009,1.0,0.1544285711598779,0.0,0.5000000000000009,0.0,0.4902763803296986,0.0,0.5000000000000009,0.0,0.5000000000000009,0.0,0.5000000000000009,0.0,0.5000000000000009,0.0,0.5000000000000009,0.0,0.49886800572599177,0.0,0.5000000000000009,0.0,0.5000000000000009,0.0,0.4970154913726933,0.0,0.5000000000000009,0.0,0.5037430133533478,1.0,0.414063391659881,0.0,0.5000000000000009,0.0,0.5000000000000009,0.0,0.4770386587461652,1.0,0.4948421572787129,0.0,0.5006906516176203,0.0,0.5000000000000009,0.0,0.5000000000000009,0.0,0.5057554830894783,0.0,0.5000000000000009,0.0,0.49991278788753607,1.0,0.3479839354411751,0.0,0.5000000000000009,0.0,0.49641480972122826,1.0,0.4315802914948291,0.0,0.5014315827552185,0.0,0.5000000000000009,0.0,0.4996005763036258,1.0,0.39758249597022377,1.0,0.32601074422147924,1.0,0.1834208612789885,0.0,0.5015923325989844,0.0,0.5000000000000009,0.0,0.5000000000000009,0.0,0.5000000000000009,0.0,0.5000000000000009,0.0,0.49778434274300204,0.0,0.5000000000000009,0.0,0.5003516626791967,0.0,0.5000000000000009,0.0,0.5000000000000009,1.0,0.3537963183952293,0.0,0.5153212735061006,0.0,0.5023592081440421,0.0,0.5000000000000009,0.0,0.5000000000000009,1.0,0.46452221967688273,1.0,0.504982201802277,0.0,0.4814002050669016,1.0,0.49377702498005244,1.0,0.2735198189582593,0.0,0.5004257140122892,0.0,0.5000000000000009,0.0,0.49617972725385795,0.0,0.49933032716829917,0.0,0.5000000000000009,0.0,0.5000000000000009,0.0,0.5154667315153145,1.0,0.4563603272697848,0.0,0.5000000000000009,0.0,0.517238781602405,0.0,0.5000000000000009,0.0,0.5000000000000009,0.0,0.5001009143164817,0.0,0.5187259577337159,0.0,0.5000000000000009,0.0,0.5000000000000009,1.0,0.05410727667818309,0.0,0.5000000000000009,0.0,0.5000000000000009,1.0,0.5053069137003348,0.0,0.5000000000000009,0.0,0.5022114517665264,0.0,0.5000000000000009,0.0,0.5000000000000009,0.0,0.5052155244059453,0.0,0.4998388590126191,1.0,0.4858404089024431,0.0,0.5001436444340018,0.0,0.49604282406497535,0.0,0.5001288266801123,0.0,0.5000000000000009,0.0,0.5000000000000009,1.0,0.35619126398948,0.0,0.5006187111851097,0.0,0.5000000000000009,0.0,0.5000000000000009,1.0,0.20540914754961143,0.0,0.5130215582457274,1.0,0.2908110371865814,1.0,0.4183246739908494,0.0,0.5000000000000009,0.0,0.4992544067873267,0.0,0.5000000000000009,0.0,0.49840836321076687,0.0,0.4973802388042782,0.0,0.5000000000000009,0.0,0.5000000000000009,1.0,0.4932639205486172,1.0,0.4753641276915752,0.0,0.5000000000000009,0.0,0.5000000000000009,0.0,0.5191128507363145,0.0,0.4988562190944571,0.0,0.5000000000000009,0.0,0.4972906179829436,0.0,0.49160494954806383,0.0,0.5042715592817671,1.0,0.2712746695187243,0.0,0.5000000000000009,0.0,0.4799355298229431,1.0,0.3869068452452341,1.0,0.4596314528441774,1.0,0.43549381432870427,0.0,0.5133153927861007,0.0,0.5022022543488598,0.0,0.49524619241279266,0.0,0.5000000000000009,0.0,0.5063570413945633,1.0,0.3466548959463771,1.0,0.4079903054729664,0.0,0.5000000000000009,0.0,0.5114586174009802,1.0,0.39568331463495404,0.0,0.5000000000000009,0.0,0.5195105253543341,1.0,0.5000000000000009,0.0,0.5040714041198007,1.0,0.03711272835132016,1.0,0.4938077359431765,0.0,0.5000000000000009,0.0,0.4873018991912765,0.0,0.5000000000000009,0.0,0.49854160833498,1.0,0.35000212973786227,1.0,0.46260094455150635,0.0,0.5000000000000009,0.0,0.5000000000000009,0.0,0.501958465633425,1.0,0.2451948940014143,0.0,0.5000000000000009,1.0,0.4820833913205526,0.0,0.5000000000000009,0.0,0.5000000000000009,1.0,0.44085013661263944,0.0,0.5000000000000009,0.0,0.5000000000000009,1.0,0.4990951707909095,0.0,0.5159359491816302,0.0,0.49849682701831044,0.0,0.5000000000000009,0.0,0.5000000000000009,1.0,0.43677888361287465,0.0,0.5047893021799924
S-CPI2_n,300,79.92771458625793,0.96126848123325,1.0,0.11818003952655698,0.0,0.5000000000000085,0.0,0.5607738632823285,0.0,0.49383642222207397,0.0,0.5000000000000085,0.0,0.5000000000000085,0.0,0.5000000000000085,0.0,0.5813639988180542,1.0,0.4669162828781536,0.0,0.5000000000000085,0.0,0.5000000000000085,0.0,0.758646645657713,0.0,0.5000000000000085,0.0,0.5000000000000085,1.0,0.29389119571844835,1.0,0.05833726271143067,0.0,0.35063608011183656,0.0,0.4129724959906853,1.0,0.28613001120387,0.0,0.45605445368699304,0.0,0.5000000000000085,0.0,0.5000000000000085,0.0,0.5000000000000085,0.0,0.5000000000000085,0.0,0.5000000000000085,0.0,0.5095152830260589,0.0,0.5000000000000085,1.0,4.599150056114892e-05,0.0,0.5000000000000085,0.0,0.415397169935398,0.0,0.5000000000000085,0.0,0.6441502996746902,1.0,0.3683129440624622,1.0,0.31922266192198556,0.0,0.5000000000000085,0.0,0.5000000000000085,0.0,0.6027651982595431,0.0,0.5000000000000085,1.0,0.08008531842276573,1.0,0.00040903470012349505,0.0,0.5000000000000085,0.0,0.5000000000000085,1.0,0.0007314879270873871,0.0,0.5000000000000085,0.0,0.4242628239367512,0.0,0.5000000000000085,0.0,0.5000000000000085,0.0,0.5000000000000085,0.0,0.5000000000000085,0.0,0.5000000000000085,0.0,0.4945662335005008,0.0,0.5000000000000085,0.0,0.5000000000000085,0.0,0.5076278619803882,0.0,0.5000000000000085,0.0,0.5282949075231791,1.0,0.17826222085111648,0.0,0.5000000000000085,0.0,0.5000000000000085,0.0,0.3478392885879831,1.0,0.4587090373140562,0.0,0.5117677216595271,0.0,0.5000000000000085,0.0,0.5000000000000085,0.0,0.5538172918262008,0.0,0.5000000000000085,0.0,0.49922948465693767,1.0,0.039099298289464235,0.0,0.5000000000000085,0.0,0.4720160257701013,1.0,0.1880412562446368,0.0,0.5063221747011254,0.0,0.5000000000000085,0.0,0.49567381733044386,1.0,0.11988396450031669,1.0,0.0453914749468383,1.0,0.009083523472165294,0.0,0.5063941777866403,0.0,0.5000000000000085,0.0,0.5000000000000085,0.0,0.5000000000000085,0.0,0.5000000000000085,0.0,0.4799047165635352,0.0,0.5000000000000085,0.0,0.5045404614928066,0.0,0.5000000000000085,0.0,0.5000000000000085,1.0,0.11697583358565217,0.0,0.6147106098797565,0.0,0.5214829401571724,0.0,0.5000000000000085,0.0,0.5000000000000085,1.0,0.30307640344026954,1.0,0.5336167326147166,0.0,0.3720413152217349,1.0,0.43613612846737654,1.0,0.016516073094056706,0.0,0.5045274283113836,0.0,0.5000000000000085,0.0,0.4640051067312689,0.0,0.48982103416152556,0.0,0.5000000000000085,0.0,0.5000000000000085,0.0,0.6136480453822948,1.0,0.2517860879943487,0.0,0.5000000000000085,0.0,0.6420653384129046,0.0,0.5000000000000085,0.0,0.5000000000000085,0.0,0.4996153131162053,0.0,0.6408242546246564,0.0,0.5000000000000085,0.0,0.5000000000000085,1.0,6.273620314871548e-05,0.0,0.5000000000000085,0.0,0.5000000000000085,1.0,0.5022682824231719,0.0,0.5000000000000085,0.0,0.5162589783506875,0.0,0.5000000000000085,0.0,0.5000000000000085,0.0,0.5475215841476857,0.0,0.49957091900532063,1.0,0.3911751242147357,0.0,0.5048305658496366,0.0,0.4862540831379105,0.0,0.5012216163954775,0.0,0.5000000000000085,0.0,0.5000000000000085,1.0,0.11394307289891464,0.0,0.5059172928408762,0.0,0.5000000000000085,0.0,0.5000000000000085,1.0,0.003954555744508305,0.0,0.5976899587771671,1.0,0.012730635491740954,1.0,0.12093276806565345,0.0,0.5000000000000085,0.0,0.5006248420062968,0.0,0.5000000000000085,0.0,0.4845679857485747,0.0,0.4812655836076587,0.0,0.5000000000000085,0.0,0.5000000000000085,1.0,0.46269294937980154,1.0,0.32209713853279565,0.0,0.5000000000000085,0.0,0.5000000000000085,0.0,0.6309474141097168,0.0,0.48909365789802667,0.0,0.5000000000000085,0.0,0.47272469870422473,0.0,0.45011239289451865,0.0,0.5407455901486294,1.0,0.020526353697794108,0.0,0.5000000000000085,0.0,0.35113431783660315,1.0,0.06242397410719492,1.0,0.3197942427451731,1.0,0.15708525508332405,0.0,0.5949184521261449,0.0,0.5226632971139265,0.0,0.44864836494699817,0.0,0.5000000000000085,0.0,0.5474643122197141,1.0,0.050164541577296155,1.0,0.06992361044609624,0.0,0.5000000000000085,0.0,0.5841597060541491,1.0,0.12363015984667641,0.0,0.5000000000000085,0.0,0.6488581585282661,1.0,0.5000000000000085,0.0,0.5385018228233983,1.0,5.680029986169526e-05,1.0,0.48535699727082005,0.0,0.5000000000000085,0.0,0.39497537251744996,0.0,0.5000000000000085,0.0,0.49100222215047407,1.0,0.12122410179541876,1.0,0.2917857045961674,0.0,0.5000000000000085,0.0,0.5000000000000085,0.0,0.5183626247624653,1.0,0.0077713802974508145,0.0,0.5000000000000085,1.0,0.40569934816748715,0.0,0.5000000000000085,0.0,0.5000000000000085,1.0,0.18521219155354296,0.0,0.5000000000000085,0.0,0.5000000000000085,1.0,0.4927063405625657,0.0,0.6083063554158374,0.0,0.5035826642739256,0.0,0.5000000000000085,0.0,0.5000000000000085,1.0,0.2444657818692053,0.0,0.5273290364846136
S-CPI2_bt,300,80.72669768333435,0.96126848123325,1.0,0.004732778172491583,0.0,0.5000000000000085,0.0,0.568871699348689,0.0,0.4937889461254145,0.0,0.5000000000000085,0.0,0.5000000000000085,0.0,0.5000000000000085,0.0,0.5827497595093081,1.0,0.4710654933422971,0.0,0.5000000000000085,0.0,0.5000000000000085,0.0,0.873309620229817,0.0,0.5000000000000085,0.0,0.5000000000000085,1.0,0.1794384567291733,1.0,0.0007217433756161113,0.0,0.3020693463515711,0.0,0.3992631521179902,1.0,0.14723231553040955,0.0,0.4554493840729242,0.0,0.5000000000000085,0.0,0.5000000000000085,0.0,0.5000000000000085,0.0,0.5000000000000085,0.0,0.5000000000000085,0.0,0.5093275635239989,0.0,0.5000000000000085,1.0,3.2278812705290196e-05,0.0,0.5000000000000085,0.0,0.3850989485270657,0.0,0.5000000000000085,0.0,0.6873822220394658,1.0,0.3423074187162053,1.0,0.16418136864455213,0.0,0.5000000000000085,0.0,0.5000000000000085,0.0,0.6344893583916034,0.0,0.5000000000000085,1.0,0.0017135526303657573,1.0,4.1405466174471255e-12,0.0,0.5000000000000085,0.0,0.5000000000000085,1.0,2.6184736064042887e-12,0.0,0.5000000000000085,0.0,0.4083268855716129,0.0,0.5000000000000085,0.0,0.5000000000000085,0.0,0.5000000000000085,0.0,0.5000000000000085,0.0,0.5000000000000085,0.0,0.4991846247021362,0.0,0.5000000000000085,0.0,0.5000000000000085,0.0,0.4794969850770239,0.0,0.5000000000000085,0.0,0.5398264390907469,1.0,0.024710220207264624,0.0,0.5000000000000085,0.0,0.5000000000000085,0.0,0.2990229819453586,1.0,0.42859500260687683,0.0,0.5054574622276018,0.0,0.5000000000000085,0.0,0.5000000000000085,0.0,0.5578621064509816,0.0,0.5000000000000085,0.0,0.4996813582509552,1.0,0.0003090108285204804,0.0,0.5000000000000085,0.0,0.47189575339245715,1.0,0.0705927771291918,0.0,0.5105462376940264,0.0,0.5000000000000085,0.0,0.49562060536186237,1.0,0.012907855774337297,1.0,8.734560366932628e-05,1.0,1.4170690969372846e-06,0.0,0.5209866346288603,0.0,0.5000000000000085,0.0,0.5000000000000085,0.0,0.5000000000000085,0.0,0.5000000000000085,0.0,0.4751173723688686,0.0,0.5000000000000085,0.0,0.5037567892553626,0.0,0.5000000000000085,0.0,0.5000000000000085,1.0,0.012385696328172035,0.0,0.643563317620311,0.0,0.5215283005939464,0.0,0.5000000000000085,0.0,0.5000000000000085,1.0,0.22100375653733156,1.0,0.5797445701984972,0.0,0.3182400293568415,1.0,0.4158230594793218,1.0,1.5392724600452156e-07,0.0,0.5025223651512501,0.0,0.5000000000000085,0.0,0.4615193621067404,0.0,0.4905001473248859,0.0,0.5000000000000085,0.0,0.5000000000000085,0.0,0.6481402968203466,1.0,0.14133859661014636,0.0,0.5000000000000085,0.0,0.6691065207608791,0.0,0.5000000000000085,0.0,0.5000000000000085,0.0,0.5042476481436566,0.0,0.6579482035234658,0.0,0.5000000000000085,0.0,0.5000000000000085,1.0,5.19632623358495e-11,0.0,0.5000000000000085,0.0,0.5000000000000085,1.0,0.5616330592699557,0.0,0.5000000000000085,0.0,0.5230958897197996,0.0,0.5000000000000085,0.0,0.5000000000000085,0.0,0.5648744587868935,0.0,0.5002530768202346,1.0,0.3406685886529462,0.0,0.5070740432504656,0.0,0.4836738267050533,0.0,0.5013332209412019,0.0,0.5000000000000085,0.0,0.5000000000000085,1.0,0.0005178295641307952,0.0,0.5105649914286743,0.0,0.5000000000000085,0.0,0.5000000000000085,1.0,7.540036309769397e-09,0.0,0.6382305588722039,1.0,3.1512729271342873e-06,1.0,0.020296547206896245,0.0,0.5000000000000085,0.0,0.49377052705693913,0.0,0.5000000000000085,0.0,0.4866224141084878,0.0,0.4802887159465684,0.0,0.5000000000000085,0.0,0.5000000000000085,1.0,0.44700358704275023,1.0,0.1793176413426253,0.0,0.5000000000000085,0.0,0.5000000000000085,0.0,0.7334725818568827,0.0,0.48868030266163515,0.0,0.5000000000000085,0.0,0.4753540859977094,0.0,0.41757813898896545,0.0,0.5358798801525695,1.0,1.4936157970492594e-05,0.0,0.5000000000000085,0.0,0.3227378675962036,1.0,0.0023981269150892743,1.0,0.13328866735261757,1.0,0.07023556069790894,0.0,0.6192491106356299,0.0,0.5233948226010541,0.0,0.4668814338164896,0.0,0.5000000000000085,0.0,0.5459520995827454,1.0,0.0001771216468426062,1.0,0.006381663964415238,0.0,0.5000000000000085,0.0,0.6053936784383155,1.0,0.013385540370386417,0.0,0.5000000000000085,0.0,0.7007275365282359,1.0,0.5000000000000085,0.0,0.5649910277125222,1.0,1.0335881009124759e-10,1.0,0.503410851196068,0.0,0.5000000000000085,0.0,0.3744248840393273,0.0,0.5000000000000085,0.0,0.48497639352380734,1.0,0.005254916145896609,1.0,0.16642254704999165,0.0,0.5000000000000085,0.0,0.5000000000000085,0.0,0.5185401107605707,1.0,2.7221097622453312e-08,0.0,0.5000000000000085,1.0,0.31496512531863574,0.0,0.5000000000000085,0.0,0.5000000000000085,1.0,0.07027617003216248,0.0,0.5000000000000085,0.0,0.5000000000000085,1.0,0.4933437875542142,0.0,0.6192436591409405,0.0,0.5020978049820024,0.0,0.5000000000000085,0.0,0.5000000000000085,1.0,0.11548079595553273,0.0,0.5582110230899314
S-CPI2_sqd,300,80.35824584960938,0.96126848123325,1.0,1.451113042498923e-14,0.0,0.5000000000007709,0.0,1.0,0.0,0.07928694434912781,0.0,0.5000000000007709,0.0,0.5000000000007709,0.0,0.5000000000007709,0.0,1.0,1.0,4.082165239531117e-15,0.0,0.5000000000007709,0.0,0.5000000000007709,0.0,1.0,0.0,0.5000000000007709,0.0,0.5000000000007709,1.0,4.2939020751746545e-27,1.0,1.8744018832857238e-07,0.0,6.836148823876981e-94,0.0,4.586141869834661e-13,1.0,6.366270661207355e-12,0.0,5.653350633992207e-25,0.0,0.5000000000007709,0.0,0.5000000000007709,0.0,0.5000000000007709,0.0,0.5000000000007709,0.0,0.5000000000007709,0.0,0.9898382307559433,0.0,0.5000000000007709,1.0,0.0003544529164419977,0.0,0.5000000000007709,0.0,6.637504589338288e-44,0.0,0.5000000000007709,0.0,1.0,1.0,1.1918025606561058e-156,1.0,1.3441598983799582e-29,0.0,0.5000000000007709,0.0,0.5000000000007709,0.0,1.0,0.0,0.5000000000007709,1.0,5.450178872132219e-18,1.0,5.293146696610137e-19,0.0,0.5000000000007709,0.0,0.5000000000007709,1.0,8.95107361077695e-55,0.0,0.5000000000007709,0.0,4.3876322967741e-59,0.0,0.5000000000007709,0.0,0.5000000000007709,0.0,0.5000000000007709,0.0,0.5000000000007709,0.0,0.5000000000007709,0.0,1.7486074149168246e-05,0.0,0.5000000000007709,0.0,0.5000000000007709,0.0,0.8316415055473096,0.0,0.5000000000007709,0.0,0.9999997645529783,1.0,1.1062038432009596e-80,0.0,0.5000000000007709,0.0,0.5000000000007709,0.0,1.6425639863841205e-113,1.0,3.021563436640857e-14,0.0,0.8157450374047484,0.0,0.5000000000007709,0.0,0.5000000000007709,0.0,1.0,0.0,0.5000000000007709,0.0,0.4022148403265922,1.0,3.162522982956129e-52,0.0,0.5000000000007709,0.0,8.600429753808784e-14,1.0,5.24753535095486e-50,0.0,0.9995868117514053,0.0,0.5000000000007709,0.0,0.19135786546141187,1.0,1.1010957318713164e-58,1.0,3.194570631447331e-28,1.0,1.941435707605286e-26,0.0,0.9999999682127488,0.0,0.5000000000007709,0.0,0.5000000000007709,0.0,0.5000000000007709,0.0,0.5000000000007709,0.0,0.0003240877557475289,0.0,0.5000000000007709,0.0,0.7806316795342367,0.0,0.5000000000007709,0.0,0.5000000000007709,1.0,8.062111301443177e-10,0.0,1.0,0.0,0.9999997543957545,0.0,0.5000000000007709,0.0,0.5000000000007709,1.0,2.4454357946686295e-64,1.0,0.999999999999579,0.0,8.131587339708592e-51,1.0,3.161796994142722e-28,1.0,3.62360382722646e-54,0.0,0.7951909798954081,0.0,0.5000000000007709,0.0,8.255509545034853e-18,0.0,0.09322261238352003,0.0,0.5000000000007709,0.0,0.5000000000007709,0.0,1.0,1.0,1.7066118900204187e-163,0.0,0.5000000000007709,0.0,1.0,0.0,0.5000000000007709,0.0,0.5000000000007709,0.0,0.6435447460269372,0.0,1.0,0.0,0.5000000000007709,0.0,0.5000000000007709,1.0,1.8064845432784703e-18,0.0,0.5000000000007709,0.0,0.5000000000007709,1.0,0.10627243164871919,0.0,0.5000000000007709,0.0,0.9999992749552716,0.0,0.5000000000007709,0.0,0.5000000000007709,0.0,0.9999999998569121,0.0,0.40489267318388256,1.0,4.902992051769502e-19,0.0,0.9986579805170344,0.0,1.3593408023776523e-05,0.0,0.6016857120142978,0.0,0.5000000000007709,0.0,0.5000000000007709,1.0,1.370367440155654e-10,0.0,0.9996581294919472,0.0,0.5000000000007709,0.0,0.5000000000007709,1.0,8.331733329343632e-22,0.0,1.0,1.0,5.2902298838023e-99,1.0,8.191816089663781e-66,0.0,0.5000000000007709,0.0,0.014400069498286967,0.0,0.5000000000007709,0.0,0.003974715206677278,0.0,1.7923146929652256e-10,0.0,0.5000000000007709,0.0,0.5000000000007709,1.0,0.0006856359767151525,1.0,2.624412426467203e-07,0.0,0.5000000000007709,0.0,0.5000000000007709,0.0,1.0,0.0,0.0058782040867529336,0.0,0.5000000000007709,0.0,1.1395147403837667e-09,0.0,3.1925817907933686e-26,0.0,1.0,1.0,1.1532851189908483e-52,0.0,0.5000000000007709,0.0,4.285692055407883e-214,1.0,0.0,1.0,0.00011916033120643857,1.0,0.0,0.0,1.0,0.0,0.9999997782950661,0.0,1.3198664730051399e-30,0.0,0.5000000000007709,0.0,1.0,1.0,1.4898099367955713e-44,1.0,9.313101002723512e-235,0.0,0.5000000000007709,0.0,1.0,1.0,1.692011611180447e-32,0.0,0.5000000000007709,0.0,1.0,1.0,0.5000000000007709,0.0,0.9999999998971922,1.0,1.0807289232017642e-14,1.0,0.14565963432864182,0.0,0.5000000000007709,0.0,1.0507074065680035e-106,0.0,0.5000000000007709,0.0,0.0068732270689487625,1.0,1.9443302644635224e-11,1.0,1.2869629983234416e-28,0.0,0.5000000000007709,0.0,0.5000000000007709,0.0,0.9998806059554283,1.0,1.2219579178725175e-48,0.0,0.5000000000007709,1.0,0.006233148067581305,0.0,0.5000000000007709,0.0,0.5000000000007709,1.0,7.871318633515872e-84,0.0,0.5000000000007709,0.0,0.5000000000007709,1.0,0.07759467349653332,0.0,1.0,0.0,0.5076767342652725,0.0,0.5000000000007709,0.0,0.5000000000007709,1.0,7.763271731247825e-14,0.0,0.9999999915341122
LOCO,300,57.31656765937805,0.96126848123325,1.0,6.580327412861161e-05,0.0,0.4095437986122488,0.0,0.9228602824482415,0.0,0.3169401718171321,0.0,0.3809482841054326,0.0,0.4504085362252819,0.0,0.35481484676928093,0.0,0.9598202537181669,1.0,0.7049051926382697,0.0,0.3201876606409526,0.0,0.9284173953251761,0.0,0.9561559090202286,0.0,0.8648370612601803,0.0,0.6079338174016992,1.0,0.09372511647409465,1.0,6.511430509588752e-05,0.0,0.19512762232995573,0.0,0.5428043388349663,1.0,0.03550575835961582,0.0,0.3337033529558078,0.0,0.47920071523311264,0.0,0.5779880376716785,0.0,0.7941117082005927,0.0,0.09766746067359039,0.0,0.4523213464880849,0.0,0.2350011164652036,0.0,0.12638614080817173,1.0,2.6522052278813964e-06,0.0,0.7534056990902896,0.0,0.6882076388633331,0.0,0.6429308340889688,0.0,0.9349955039221233,1.0,0.3391079649964232,1.0,0.7869253304447642,0.0,0.6114496083843233,0.0,0.7222569358347809,0.0,0.990643154168316,0.0,0.535118652294173,1.0,6.344502442313393e-06,1.0,1.477298814105959e-08,0.0,0.5005558853550046,0.0,0.7223553661285489,1.0,8.671321964719269e-08,0.0,0.7981257640686338,0.0,0.875052807135831,0.0,0.7225564214830437,0.0,0.9708536385309658,0.0,0.8760000034198494,0.0,0.08224225533828133,0.0,0.2294343823670813,0.0,0.9146817625914104,0.0,0.7849186078065128,0.0,0.3802284774247128,0.0,0.29988664708476886,0.0,0.9525789827270587,0.0,0.5095459706557159,1.0,0.041279723202171235,0.0,0.544942600137627,0.0,0.5953196503285986,0.0,0.8469717586624446,1.0,0.004137182543129278,0.0,0.6384539006138485,0.0,0.6589671915994335,0.0,0.2572363422537656,0.0,0.7263802167701878,0.0,0.4294346916978451,0.0,0.19852807326262212,1.0,0.003095278754220892,0.0,0.3195345107640538,0.0,0.7916434178803512,1.0,0.0631042335964697,0.0,0.5311659838880634,0.0,0.7915089538168444,0.0,0.5278687302280164,1.0,0.003318393001098314,1.0,0.00013633743168735897,1.0,7.258489584465568e-05,0.0,0.8379931454441998,0.0,0.34015195332781256,0.0,0.6135961975935043,0.0,0.3854270605200736,0.0,0.6579643984920918,0.0,0.03067621470946055,0.0,0.5434647913313532,0.0,0.25195296200961137,0.0,0.822641753314067,0.0,0.7884354841172716,1.0,0.00014572109383604998,0.0,0.7969538117902828,0.0,0.8375015517562117,0.0,0.8382888579041158,0.0,0.593179289447707,1.0,0.019806977742671254,1.0,0.3257493675568356,0.0,0.544919917608843,1.0,0.28569067969707124,1.0,2.6818377096028147e-05,0.0,0.8064306920180437,0.0,0.25893363515015044,0.0,0.3643622144639877,0.0,0.5712589642849308,0.0,0.8344827985440879,0.0,0.49074838823117783,0.0,0.8043134080293924,1.0,0.009154067370284527,0.0,0.9275336449176005,0.0,0.8297407625123949,0.0,0.6321120916974984,0.0,0.32518938930428865,0.0,0.297195784987491,0.0,0.7828102192061763,0.0,0.7176679839456197,0.0,0.6876250391583129,1.0,1.75257773992884e-08,0.0,0.2878140857896291,0.0,0.057352706283768755,1.0,0.1842752764361389,0.0,0.32938627693654066,0.0,0.07482580439701537,0.0,0.21528861041829433,0.0,0.8076516277523197,0.0,0.783758217906445,0.0,0.623819484734355,1.0,0.14902929266773196,0.0,0.30221011905100337,0.0,0.7162197277546234,0.0,0.9404280541694257,0.0,0.6525555657015915,0.0,0.9570604392556199,1.0,2.35622179882401e-06,0.0,0.27114096149855166,0.0,0.7124023605239821,0.0,0.32733111368557116,1.0,1.199833359623246e-07,0.0,0.7648628801661779,1.0,9.980799941864328e-05,1.0,0.16346009454074134,0.0,0.4587478844889754,0.0,0.05825510183088175,0.0,0.9226890819941402,0.0,0.4258233484714562,0.0,0.04148330383280888,0.0,0.34030356097268205,0.0,0.6471121801544824,1.0,0.7254299307097658,1.0,0.0018994914321834588,0.0,0.47904497663319967,0.0,0.31563563549600204,0.0,0.848690281806485,0.0,0.695096982858987,0.0,0.4668564916679091,0.0,0.1965291924093262,0.0,0.4771987742424711,0.0,0.6314685144232374,1.0,7.093528526151009e-05,0.0,0.3627591692507258,0.0,0.737525001406347,1.0,0.00019279536404226213,1.0,0.06051471974748268,1.0,3.147767964337541e-05,0.0,0.9871326924578787,0.0,0.9603553503856114,0.0,0.7086828172060908,0.0,0.0033614802703531093,0.0,0.7166500071109732,1.0,0.0028761014330239212,1.0,0.0009192325717515093,0.0,0.14429660977032444,0.0,0.7614225951376916,1.0,0.007047083258437007,0.0,0.6922549004864704,0.0,0.6714086044093402,1.0,0.1841706699399423,0.0,0.9756319647552119,1.0,3.4430778086517304e-09,1.0,0.15477055040754406,0.0,0.43892669022182623,0.0,0.4811881276159757,0.0,0.08791022953831751,0.0,0.22770353539123617,1.0,0.0032021566619776327,1.0,0.1779402396200267,0.0,0.5253223482845161,0.0,0.6535117793003611,0.0,0.39581747126962347,1.0,2.0647449886500585e-05,0.0,0.5024346522125829,1.0,0.016257998539720306,0.0,0.9851084349655431,0.0,0.2366732244853037,1.0,0.0027901279814392713,0.0,0.5439655749909308,0.0,0.36386290417977285,1.0,0.002333814361684805,0.0,0.9921069849264733,0.0,0.02666080327767599,0.0,0.15935002111808305,0.0,0.384626812999608,1.0,0.006269493506956453,0.0,0.31614597031845815
LOCO_sqrt,300,57.263041973114014,0.96126848123325,1.0,0.13056895946129243,0.0,0.49999763419630494,0.0,0.5271934252642829,0.0,0.49777080536552587,0.0,0.4999888082364956,0.0,0.4999921841232517,0.0,0.4999807248128256,0.0,0.51255978561317,1.0,0.5036438461633999,0.0,0.49999681140933533,0.0,0.5000235685067137,0.0,0.5556906001720047,0.0,0.5000322977129742,0.0,0.5000033105781615,1.0,0.44419331638434534,1.0,0.0923330150177471,0.0,0.47748376434063927,0.0,0.5025422713573043,1.0,0.4023007399145475,0.0,0.497287074738007,0.0,0.4999995196293526,0.0,0.5000044279942287,0.0,0.5000116646781296,0.0,0.4999896070232202,0.0,0.4999926711779163,0.0,0.49594782473059,0.0,0.4996171509627447,1.0,0.0006765944731650498,0.0,0.500014156177383,0.0,0.5103047878666915,0.0,0.5001102000137111,0.0,0.536518867912656,1.0,0.4928815185084301,1.0,0.5382948705236371,0.0,0.500008315193127,0.0,0.5000167892525558,0.0,0.5355340906686464,0.0,0.5000112099214795,1.0,0.026170295488312175,1.0,0.0015698305639225377,0.0,0.50000024197139,0.0,0.5000142769586973,1.0,0.019750051208043795,0.0,0.5000406110716215,0.0,0.5237130282927673,0.0,0.5000030242614678,0.0,0.5001317035645902,0.0,0.500016369447577,0.0,0.49991812651405154,0.0,0.4999270583294034,0.0,0.5124039900961662,0.0,0.5000722761431353,0.0,0.49996545270291304,0.0,0.4871320622487747,0.0,0.5000085976820204,0.0,0.500177720863855,1.0,0.4041679799212066,0.0,0.5000033969134817,0.0,0.5000286935544942,0.0,0.5192028240094951,1.0,0.4579308651174636,0.0,0.5019027950107403,0.0,0.5000103395810662,0.0,0.499931824694385,0.0,0.5031412460814663,0.0,0.49999677534023235,0.0,0.4995071668352667,1.0,0.25420698238077055,0.0,0.499982322118252,0.0,0.5032309364893545,1.0,0.4273941651119977,0.0,0.5006078719780591,0.0,0.5000532075619571,0.0,0.5000772315038505,1.0,0.32435538664575714,1.0,0.18855044593459924,1.0,0.06898687522682409,0.0,0.5100277314337456,0.0,0.4999814214924162,0.0,0.5000058839234056,0.0,0.49999805433132805,0.0,0.5000088346878372,0.0,0.49330144107378476,0.0,0.5000025869818849,0.0,0.4993402336078498,0.0,0.5000038021810793,0.0,0.5000090394856531,1.0,0.11377020413316824,0.0,0.5118557135768236,0.0,0.5022943304015886,0.0,0.5000084302684124,0.0,0.5000024982648283,1.0,0.42630080036898954,1.0,0.4909206106162495,0.0,0.5022889824772045,1.0,0.49069440703810746,1.0,0.1357161255037469,0.0,0.5017330075130011,0.0,0.49999250610403156,0.0,0.4982803043425613,0.0,0.5008250218524868,0.0,0.5000064719521949,0.0,0.49999962934092224,0.0,0.5139549602846871,1.0,0.4168927138865266,0.0,0.5000357182394454,0.0,0.5198885542705187,0.0,0.5000749222856513,0.0,0.49992401258071784,0.0,0.4989920898259479,0.0,0.5116140548855508,0.0,0.50010679054377,0.0,0.5000217615136374,1.0,0.0013473677293783422,0.0,0.4999593713507831,0.0,0.4999295675928624,1.0,0.4728643880431975,0.0,0.4999915330597005,0.0,0.49604086013059906,0.0,0.4999814102572668,0.0,0.5000362314806049,0.0,0.5132552978445981,0.0,0.5004798401122171,1.0,0.4588712623074635,0.0,0.49769941976790744,0.0,0.5073271518512436,0.0,0.5002142391980188,0.0,0.5000078259584889,0.0,0.5000305434418066,1.0,0.03528064764443172,0.0,0.49542627961239843,0.0,0.500007565135868,0.0,0.4999860270287373,1.0,0.05429850853303529,0.0,0.5105448353619929,1.0,0.1478815230392998,1.0,0.4432939568062837,0.0,0.49999584051248536,0.0,0.48859864319314794,0.0,0.5000731544290122,0.0,0.4992088631475001,0.0,0.48215779099776546,0.0,0.4999855187488749,0.0,0.5000085045672606,1.0,0.5252907667659747,1.0,0.31772548613843954,0.0,0.4999948478410825,0.0,0.49989925178850786,0.0,0.5331661081837477,0.0,0.5044788136531451,0.0,0.4999976178262259,0.0,0.4978628888696172,0.0,0.4990240964783871,0.0,0.5046914090530039,1.0,0.12296121737581422,0.0,0.4999928544998976,0.0,0.5103009865953477,1.0,0.32303993132982456,1.0,0.3886372888696646,1.0,0.41686877790470167,0.0,0.5395397223914319,0.0,0.5041643744113126,0.0,0.5041410152640525,0.0,0.4999791038536699,0.0,0.5084495687758283,1.0,0.26650584790873677,1.0,0.35781845988882566,0.0,0.499979665877873,0.0,0.5177472226084263,1.0,0.324957719039484,0.0,0.5000050394787572,0.0,0.5086114041816142,1.0,0.4999579945028594,0.0,0.5423449327480513,1.0,0.001296842362009433,1.0,0.43676809187304766,0.0,0.49999979954357837,0.0,0.4995122843563092,0.0,0.49998014173751254,0.0,0.4955496012722241,1.0,0.20991910938708758,1.0,0.4573187078500637,0.0,0.5000017234451172,0.0,0.500003326732083,0.0,0.4988159806152747,1.0,0.10160392750656777,0.0,0.5000005358004072,1.0,0.35989833425484113,0.0,0.5000112704709538,0.0,0.4999851840810263,1.0,0.3432912016279966,0.0,0.5000071999915393,0.0,0.4999394809773995,1.0,0.49686771000036595,0.0,0.5692445658539695,0.0,0.48231728793215145,0.0,0.49995348047145316,0.0,0.49995909295504115,1.0,0.2848635746857503,0.0,0.492060853938981
LOCO_n,300,57.26059675216675,0.96126848123325,1.0,0.0011410910358551941,0.0,0.49997756095310575,0.0,0.6772974523055003,0.0,0.4807743850755196,0.0,0.4998939089749202,0.0,0.49992595087317593,0.0,0.49981734067520495,0.0,0.6022287570683507,1.0,0.5301905343557101,0.0,0.4999697547644464,0.0,0.5002235139331956,0.0,0.7833026805185099,0.0,0.5003062121144425,0.0,0.5000313988296893,1.0,0.24214136331431485,1.0,0.0007063755226753765,0.0,0.3654638868800816,0.0,0.5160414505951524,1.0,0.13894066910830155,0.0,0.4773223839005726,0.0,0.49999544369656634,0.0,0.5000419875390937,0.0,0.5001106274054178,0.0,0.4999014203970039,0.0,0.49993056305603906,0.0,0.4656974014720581,0.0,0.49639370636031066,1.0,6.530093532473627e-06,0.0,0.5001342382934855,0.0,0.5672588979972196,0.0,0.50103879970344,0.0,0.7171720332323702,1.0,0.45065036290598837,1.0,0.6737655254216944,0.0,0.5000788355882104,0.0,0.500159180396942,0.0,0.7389335871872971,0.0,0.5001060597065111,1.0,5.733886849711329e-05,1.0,1.9378642201966465e-07,0.0,0.5000022870931081,0.0,0.500135373415538,1.0,3.4503975280986895e-06,0.0,0.500384872160403,0.0,0.6525384817508707,0.0,0.5000286875375969,0.0,0.5012476016454186,0.0,0.5001552474130899,0.0,0.49922425233605605,0.0,0.4993094615021213,0.0,0.5976878366284774,0.0,0.5006843376239734,0.0,0.4996730437495827,0.0,0.42030444632810393,0.0,0.500081555842735,0.0,0.5014559782070374,1.0,0.14621832260912748,0.0,0.5000322053360664,0.0,0.500271523934425,0.0,0.6279653684488447,1.0,0.2271655650938179,0.0,0.516196321305443,0.0,0.500098037237087,0.0,0.49935466826842895,0.0,0.5268026166638339,0.0,0.49996941998895533,0.0,0.49538184841157057,1.0,0.019851139190178665,0.0,0.4998324272611886,0.0,0.5282363485276436,1.0,0.19452175058681997,0.0,0.5049483648163705,0.0,0.5005040681783692,0.0,0.500715859241921,1.0,0.03731635637060778,1.0,0.003082352124009412,1.0,0.0005524951198242838,0.0,0.5777223196294073,0.0,0.49982391770102874,0.0,0.5000557956076948,0.0,0.49998154438902026,0.0,0.5000837745140031,0.0,0.4411618421707911,0.0,0.5000245298988787,0.0,0.4938698818943493,0.0,0.5000360675045841,0.0,0.5000857355071386,1.0,0.0013882836303872584,0.0,0.5856218747472003,0.0,0.5207283368603958,0.0,0.5000799620252306,0.0,0.5000236952789652,1.0,0.15915518759841185,1.0,0.4398912604124981,0.0,0.515165441402882,1.0,0.4348820018868643,1.0,0.0008125938631542335,0.0,0.5157644886719206,0.0,0.4999289241838037,0.0,0.48524554275533166,0.0,0.5071296309339813,0.0,0.5000613896339793,0.0,0.49999648481435877,0.0,0.5973590034119761,1.0,0.12830220565784334,0.0,0.5003386763878669,0.0,0.6284098178717243,0.0,0.500707433510449,0.0,0.4992816823722514,0.0,0.49080905457103724,0.0,0.58311842052515,0.0,0.5010091224235885,0.0,0.5002062526270228,1.0,2.023518377269117e-07,0.0,0.4996151570497208,0.0,0.4993324539138115,1.0,0.3470948929522038,0.0,0.4999197083008551,0.0,0.4645608890639583,0.0,0.4998237306608508,0.0,0.5003434174634579,0.0,0.59170519047566,0.0,0.5044094199497314,1.0,0.29742393682751356,0.0,0.480066854256283,0.0,0.5544507220485926,0.0,0.50202651615832,0.0,0.5000742120608805,0.0,0.5002896509288338,1.0,4.0556995069470266e-05,0.0,0.46263819927600625,0.0,0.500071748575928,0.0,0.49986752879211743,1.0,1.4188365102303335e-05,0.0,0.5758679598240104,1.0,0.0016963314831808162,1.0,0.27243351726540244,0.0,0.499960573315276,0.0,0.4071575148316378,0.0,0.5006932455588327,0.0,0.4931146150895645,0.0,0.36385359870537437,0.0,0.4998627215301251,0.0,0.5000806427634494,1.0,0.6243624916672869,1.0,0.0299368256698712,0.0,0.499951224059803,0.0,0.4990484686743449,0.0,0.6803000853283043,0.0,0.5357577731662022,0.0,0.49997741447629573,0.0,0.48075764023727197,0.0,0.49320799466701293,0.0,0.5342666686880484,1.0,0.0010780572704157392,0.0,0.49993224117100804,0.0,0.5722793226648397,1.0,0.01891939993490155,1.0,0.14615844532901284,1.0,0.0841134132662818,0.0,0.752873972690569,0.0,0.5375531443533543,0.0,0.5338175520561809,0.0,0.4998017942670999,0.0,0.5607825016006726,1.0,0.021265072024755742,1.0,0.04141176020474924,0.0,0.4998071721880318,0.0,0.6086103750113854,1.0,0.046868779873741086,0.0,0.5000477984904997,0.0,0.5576270602931209,1.0,0.4996018963836223,0.0,0.7555263780176629,1.0,6.46741424055299e-08,1.0,0.25840852458561725,0.0,0.49999809835617215,0.0,0.49620737152362315,0.0,0.4998116667593112,0.0,0.46258643462808036,1.0,0.01464308466059389,1.0,0.30425372820291796,0.0,0.5000163406037229,0.0,0.5000315544955164,0.0,0.4897462349696177,1.0,0.00044690878619750644,0.0,0.5000050735730182,1.0,0.08016272151868159,0.0,0.5001069092781215,0.0,0.49985950560979214,1.0,0.04342448695167132,0.0,0.5000682105074842,0.0,0.4994279816166785,1.0,0.47099358531521923,0.0,0.8475081196729977,0.0,0.3623926810315252,0.0,0.49955911465715197,0.0,0.49961306958938645,1.0,0.03295294485195994,0.0,0.44450883104678063
LOCO_bt,300,58.03194284439087,0.96126848123325,1.0,1.7715133448358492e-10,0.0,0.49997755543367906,0.0,0.7474507121109072,0.0,0.47864281795269975,0.0,0.49989381578572345,0.0,0.4999258404382435,0.0,0.49981711581608207,0.0,0.6192621628258987,1.0,0.5350256663511807,0.0,0.49996974985549114,0.0,0.5002235994953959,0.0,0.9128232951997681,0.0,0.5003064254708527,0.0,0.5000314078532467,1.0,0.0899011941226433,1.0,5.770334396816244e-10,0.0,0.2909093062626067,0.0,0.5248689521840199,1.0,0.012472456960967257,0.0,0.47391435326593434,0.0,0.49999544269870994,0.0,0.500042010010446,0.0,0.5001106647927785,0.0,0.4999014015828428,0.0,0.49993046203643615,0.0,0.4611267004529016,0.0,0.4963649954848367,1.0,0.010121194846742761,0.0,0.5001343042394258,0.0,0.5989853433730645,0.0,0.5010462311434791,0.0,0.8138241197843501,1.0,0.43103552562077396,1.0,0.8074917641418077,0.0,0.5000788906526248,0.0,0.5001592881926225,0.0,0.807219590552221,0.0,0.5001063804848441,1.0,4.049256503671334e-07,1.0,3.491468545391409e-08,0.0,0.500002296537167,0.0,0.500135451334621,1.0,6.621799005370436e-10,0.0,0.5003853173172227,0.0,0.7200677284194532,0.0,0.5000286910317311,0.0,0.5012496652944594,0.0,0.500155299725795,0.0,0.49922316582598136,0.0,0.49930784441486475,0.0,0.6181500773854435,0.0,0.5006858286009469,0.0,0.49967216271781056,0.0,0.37589736355343,0.0,0.5000815658250691,0.0,0.5017135897249072,1.0,0.011348659259989128,0.0,0.5000322283801525,0.0,0.5002722919574675,0.0,0.6811030558096923,1.0,0.15194716485845283,0.0,0.5182611250738839,0.0,0.5000980960812772,0.0,0.49935306331384205,0.0,0.5301190779656453,0.0,0.4999694068011713,0.0,0.49531793017090014,1.0,3.6833839290496025e-06,0.0,0.49983227705795213,0.0,0.5309158567206218,1.0,0.04714496646201768,0.0,0.5058546255211486,0.0,0.5005048539548183,0.0,0.5007346708950826,1.0,9.147357474506039e-05,1.0,1.6473557132450843e-10,1.0,3.062301026020878e-08,0.0,0.5961769086489461,0.0,0.4998237289020436,0.0,0.5000558226490243,0.0,0.49998154145723556,0.0,0.5000838177664475,0.0,0.43619585641210623,0.0,0.500024543722265,0.0,0.4937259461857826,0.0,0.5000360710282385,0.0,0.5000857585154608,1.0,7.743975953775555e-09,0.0,0.61397113002588,0.0,0.5218761884870206,0.0,0.5000799782591608,0.0,0.5000237012506458,1.0,0.036287585380485786,1.0,0.41222648560125336,0.0,0.5223655157248078,1.0,0.41007603973438445,1.0,1.2030342379798618e-10,0.0,0.5165160728408057,0.0,0.49992890459611034,0.0,0.48350718437574525,0.0,0.507909534344368,0.0,0.5000613993538541,0.0,0.49999648347842496,0.0,0.6331906305252328,1.0,0.02146851530840922,0.0,0.5003388737339212,0.0,0.6864930845666115,0.0,0.5007111689629064,0.0,0.4992788184915227,0.0,0.4903950850373161,0.0,0.6115729859119116,0.0,0.5010135723178594,0.0,0.5002064708439253,1.0,4.1377623400305445e-09,0.0,0.4996144928345872,0.0,0.49933174509209577,1.0,0.25477004257431224,0.0,0.4999196716928836,0.0,0.4622485398354227,0.0,0.4998236317999363,0.0,0.5003437578480975,0.0,0.6270221838882893,0.0,0.5045688247924439,1.0,0.16060486901682286,0.0,0.47796343130338326,0.0,0.5707811248980597,0.0,0.5020331414196864,0.0,0.500074247272303,0.0,0.5002897734176658,1.0,9.389834454318425e-09,0.0,0.4560031270918873,0.0,0.5000717716080452,0.0,0.49986743038273346,1.0,7.082359004198682e-25,0.0,0.6015848570100324,1.0,3.0980056635152254e-09,1.0,0.09165869012381622,0.0,0.4999605356680908,0.0,0.39154722856225194,0.0,0.5006940928221222,0.0,0.4924224635238528,0.0,0.33255541059764626,0.0,0.4998626066865512,0.0,0.5000806859627853,1.0,0.7264783932442646,1.0,3.369951248652484e-05,0.0,0.49995111033577083,0.0,0.4990437184194761,0.0,0.7848170275282906,0.0,0.5431911391984081,0.0,0.49997739909375166,0.0,0.479613458055119,0.0,0.4904673307669791,0.0,0.5456033740220319,1.0,1.1816451609898926e-11,0.0,0.49993220837767216,0.0,0.5993534227104709,1.0,6.123049179039219e-06,1.0,0.006750135395715385,1.0,0.020439929794989174,0.0,0.8327532119107317,0.0,0.5396647699000586,0.0,0.5398509402342041,0.0,0.499801757927309,0.0,0.5816752092136339,1.0,3.394255854401278e-07,1.0,0.00027702109260874924,0.0,0.49980708432551046,0.0,0.6689793941062052,1.0,0.00023846136467684718,0.0,0.5000478098953924,0.0,0.5837458213664687,1.0,0.49960145433082254,0.0,0.8514072958030625,1.0,9.19594572654648e-10,1.0,0.08069835191315672,0.0,0.4999980982971911,0.0,0.4952736086705923,0.0,0.4998116010619684,0.0,0.457286397933114,1.0,0.0002509596063253104,1.0,0.15050482835467854,0.0,0.5000163511474603,0.0,0.5000315608181027,0.0,0.4886513023751887,1.0,2.09439297115272e-10,0.0,0.5000050841654963,1.0,0.0006301777138313426,0.0,0.5001069224642706,0.0,0.49985943657685933,1.0,0.00011842233335182127,0.0,0.500068316267531,0.0,0.49942561693071685,1.0,0.4702311469651792,0.0,0.9562033598680626,0.0,0.3339589852094139,0.0,0.4995586255261314,0.0,0.49961178649382726,1.0,6.763724184457512e-05,0.0,0.4232004787017887
LOCO_sqd,300,58.113121509552,0.96126848123325,1.0,9.400889815331405e-29,0.0,0.4979799986816987,0.0,1.0,0.0,5.737132583723776e-06,0.0,0.4904443915853107,0.0,0.493326075796029,0.0,0.4835452926506056,0.0,1.0,1.0,0.9999999999963246,0.0,0.49727750863994274,0.0,0.5201154037303782,0.0,1.0,0.0,0.5275562450864258,0.0,0.5028266813712383,1.0,1.93672411320934e-25,1.0,2.46516687204069e-16,0.0,1.3115454248276982e-27,0.0,0.9282515301801822,1.0,8.619593508781428e-31,0.0,4.0577507657094145e-07,0.0,0.4995898431014821,0.0,0.5037808359072555,0.0,0.5099587881250024,0.0,0.4911268770017627,0.0,0.4937419396863359,0.0,2.168895494288477e-14,0.0,0.20622258190549386,1.0,0.007212615111940181,0.0,0.5120855120667431,0.0,0.9999999999999771,0.0,0.5932540924121065,0.0,1.0,1.0,9.543875159105803e-11,1.0,0.9999999999979543,0.0,0.5070997590713466,0.0,0.5143328138465141,0.0,1.0,0.0,0.5095726620063552,1.0,1.7230457854865482e-09,1.0,3.8335766325658e-10,0.0,0.5002066658193987,0.0,0.5121886840973258,1.0,7.099711812441275e-19,0.0,0.5346345675710186,0.0,1.0,0.0,0.5025821745321009,0.0,0.6109952236955465,0.0,0.5139741042544453,0.0,0.43044227976713245,0.0,0.43795989425158666,0.0,1.0,0.0,0.5614770465939037,0.0,0.47052304003880485,0.0,2.334726928957392e-19,0.0,0.5073405090450686,0.0,0.61858416877116,1.0,3.685557601912672e-23,0.0,0.5029005177477925,0.0,0.5244895366718013,0.0,1.0,1.0,0.0,0.0,0.9998828872236376,0.0,0.5088278987844077,0.0,0.44198517134449355,0.0,0.9999999995610926,0.0,0.4972466388662022,0.0,0.14577363007227978,1.0,4.1941214335944e-28,0.0,0.4849086249232892,0.0,0.9999999999636061,1.0,1.4051165954641118e-50,0.0,0.8549144061822265,0.0,0.5453378866497454,0.0,0.5654513362922434,1.0,1.2903846846387001e-74,1.0,6.31081579216342e-45,1.0,2.3606997765361452e-15,0.0,1.0,0.0,0.4841399236759401,0.0,0.5050238950375974,0.0,0.49833873628126135,0.0,0.5075431345549666,0.0,1.8637904774207006e-42,0.0,0.5022089170677726,0.0,0.07942330029636457,0.0,0.5032463564241596,0.0,0.5077177806528146,1.0,5.38982478690101e-14,0.0,1.0,0.0,0.9999991886269778,0.0,0.5071976505475052,0.0,0.5021331011382906,1.0,8.451581255663455e-141,1.0,2.0174131701812027e-10,0.0,0.9512702550223546,1.0,6.684696765594637e-25,1.0,1.4643399432305515e-40,0.0,0.999873782756004,0.0,0.493601690897973,0.0,0.0005498970827940215,0.0,0.9445609716212998,0.0,0.505525764072003,0.0,0.4996835134443756,0.0,1.0,1.0,1.2187091478073908e-193,0.0,0.5304688609254323,0.0,1.0,0.0,0.5637089870923503,0.0,0.4353869120373643,0.0,0.016629049390600465,0.0,1.0,0.0,0.5904160473626953,0.0,0.5185754818715653,1.0,3.1835785260398864e-07,0.0,0.46534876855850227,0.0,0.44008448353619695,1.0,1.942942605827762e-29,0.0,0.49277086154338423,0.0,1.3103899544741892e-16,0.0,0.48413109299625023,0.0,0.5309070009553168,0.0,1.0,0.0,0.8464507659895446,1.0,8.256364837880699e-16,0.0,1.6815841193540708e-06,0.0,0.9999999999999913,0.0,0.6767490122863928,0.0,0.506681928431755,0.0,0.5260610145829898,1.0,4.888058829816465e-19,0.0,9.115310780059177e-17,0.0,0.5064591589572968,0.0,0.48807056388104836,1.0,1.098811470726135e-36,0.0,1.0,1.0,1.1338547900844409e-40,1.0,2.510407081408185e-14,0.0,0.49644827533637204,0.0,3.947792393389918e-92,0.0,0.5622133197276322,0.0,0.05642748928956435,0.0,2.1949980942881244e-148,0.0,0.48763663679590674,0.0,0.5072613172555768,1.0,0.9999354442308264,1.0,6.770178040055347e-90,0.0,0.49560022967400946,0.0,0.41461676841091155,0.0,1.0,0.0,0.9999999999998507,0.0,0.49796593482509627,0.0,3.7633388221196456e-06,0.0,0.17346671820781112,0.0,0.9999942515605871,1.0,4.823083822712788e-21,0.0,0.4938990036726198,0.0,1.0,1.0,5.1478520862224814e-148,1.0,2.1508860952526383e-15,1.0,0.0,0.0,1.0,0.0,1.0,0.0,0.9999999999090633,0.0,0.48216416215836544,0.0,1.0,1.0,1.972960799212003e-30,1.0,3.178139147078896e-178,0.0,0.48264309617200074,0.0,1.0,1.0,3.213193227812659e-23,0.0,0.5043028049578255,0.0,0.9999999999731728,1.0,0.46417956119688963,0.0,1.0,1.0,1.3102490137188114e-07,1.0,2.977093531285665e-07,0.0,0.49982884675351746,0.0,0.24453399375930424,0.0,0.48304921493793807,0.0,4.837874794965206e-16,1.0,3.396669555221068e-29,1.0,5.069249819006556e-10,0.0,0.5014715954278415,0.0,0.502840448940598,0.0,0.008888794197635289,1.0,3.53858292892642e-26,0.0,0.5004575542619041,1.0,1.030771027037632e-24,0.0,0.5096220877526103,0.0,0.487351446690199,1.0,8.005213596419299e-58,0.0,0.5061480940304308,0.0,0.4484573690549844,1.0,1.2374528457129237e-11,0.0,1.0,0.0,5.016009840888151e-155,0.0,0.46034221451057467,0.0,0.46510911002395716,1.0,2.3348632679548092e-20,0.0,2.2120263707649315e-12
S-CPI_ST,300,73.94492435455322,0.96126848123325,1.0,0.036274766096230884,0.0,1.0,0.0,0.23039623635948664,0.0,0.6239833992007023,0.0,1.0,0.0,1.0,0.0,1.0,0.0,0.4580644385056446,1.0,0.5419355614943554,0.0,1.0,0.0,1.0,0.0,0.8285834402896058,0.0,1.0,0.0,1.0,1.0,0.2992058591167596,1.0,0.17141655971039418,0.0,0.02229876231395796,0.0,0.37601660079929766,1.0,0.4580644385056446,0.0,0.2992058591167596,0.0,1.0,0.0,1.0,0.0,1.0,0.0,1.0,0.0,1.0,0.0,0.9148788024769632,0.0,1.0,1.0,1.940908722028159e-07,0.0,1.0,0.0,0.7696037636405133,0.0,1.0,0.0,0.17141655971039418,1.0,0.036274766096230884,1.0,0.4580644385056446,0.0,1.0,0.0,1.0,0.0,0.9868491674344388,0.0,1.0,1.0,0.02229876231395796,1.0,0.013150832565561134,0.0,1.0,0.0,1.0,1.0,0.0004863803539756835,0.0,1.0,0.0,0.8285834402896058,0.0,1.0,0.0,1.0,0.0,1.0,0.0,1.0,0.0,1.0,0.0,0.5419355614943554,0.0,1.0,0.0,1.0,0.0,0.17141655971039418,0.0,1.0,0.0,0.8285834402896058,1.0,0.08512119752303683,0.0,1.0,0.0,1.0,0.0,0.12305322485813928,1.0,0.5419355614943554,0.0,0.7007941408832403,0.0,1.0,0.0,1.0,0.0,0.9995136196460244,0.0,1.0,0.0,0.9148788024769632,1.0,0.013150832565561134,0.0,1.0,0.0,0.37601660079929766,1.0,0.23039623635948664,0.0,0.977701237686042,0.0,1.0,0.0,0.9637252339037691,1.0,0.0004863803539756835,1.0,0.5419355614943554,1.0,0.08512119752303683,0.0,0.17141655971039418,0.0,1.0,0.0,1.0,0.0,1.0,0.0,1.0,0.0,0.37601660079929766,0.0,1.0,0.0,0.5419355614943554,0.0,1.0,0.0,1.0,1.0,0.2992058591167596,0.0,0.6239833992007023,0.0,0.7007941408832403,0.0,1.0,0.0,1.0,1.0,0.02229876231395796,1.0,0.12305322485813928,0.0,0.2992058591167596,1.0,0.2992058591167596,1.0,0.05667217702171029,0.0,0.5419355614943554,0.0,1.0,0.0,0.4580644385056446,0.0,0.977701237686042,0.0,1.0,0.0,1.0,0.0,0.7696037636405133,1.0,0.23039623635948664,0.0,1.0,0.0,0.8769467751418607,0.0,1.0,0.0,1.0,0.0,0.9148788024769632,0.0,0.7007941408832403,0.0,1.0,0.0,1.0,1.0,6.246290643815515e-07,0.0,1.0,0.0,1.0,1.0,0.4580644385056446,0.0,1.0,0.0,0.8285834402896058,0.0,1.0,0.0,1.0,0.0,0.12305322485813928,0.0,0.4580644385056446,1.0,0.9148788024769632,0.0,0.37601660079929766,0.0,0.4580644385056446,0.0,0.977701237686042,0.0,1.0,0.0,1.0,1.0,0.02229876231395796,0.0,0.6239833992007023,0.0,1.0,0.0,1.0,1.0,0.0010301328404815372,0.0,0.7696037636405133,1.0,0.02229876231395796,1.0,0.02229876231395796,0.0,1.0,0.0,0.17141655971039418,0.0,1.0,0.0,0.036274766096230884,0.0,0.37601660079929766,0.0,1.0,0.0,1.0,1.0,0.23039623635948664,1.0,0.37601660079929766,0.0,1.0,0.0,1.0,0.0,0.5419355614943554,0.0,0.7696037636405133,0.0,1.0,0.0,0.23039623635948664,0.0,0.17141655971039418,0.0,0.8769467751418607,1.0,0.036274766096230884,0.0,1.0,0.0,0.02229876231395796,1.0,0.0004863803539756835,1.0,0.17141655971039418,1.0,0.08512119752303683,0.0,0.977701237686042,0.0,0.37601660079929766,0.0,0.4580644385056446,0.0,1.0,0.0,0.7696037636405133,1.0,0.08512119752303683,1.0,0.013150832565561134,0.0,1.0,0.0,0.8769467751418607,1.0,0.08512119752303683,0.0,1.0,0.0,0.6239833992007023,1.0,1.0,0.0,0.6239833992007023,1.0,0.0020825570079122217,1.0,0.2992058591167596,0.0,1.0,0.0,0.17141655971039418,0.0,1.0,0.0,0.8769467751418607,1.0,0.02229876231395796,1.0,0.05667217702171029,0.0,1.0,0.0,1.0,0.0,0.8285834402896058,1.0,0.05667217702171029,0.0,1.0,1.0,0.23039623635948664,0.0,1.0,0.0,1.0,1.0,0.37601660079929766,0.0,1.0,0.0,1.0,1.0,0.17141655971039418,0.0,0.8285834402896058,0.0,0.7696037636405133,0.0,1.0,0.0,1.0,1.0,0.08512119752303683,0.0,0.7696037636405133
S-CPI_Wilcox,300,74.37406468391418,0.96126848123325,1.0,0.04136360132879912,0.0,,0.0,0.49102366705074063,0.0,0.10566867383055634,0.0,,0.0,,0.0,,0.0,0.7654637194222615,1.0,0.41922288455723866,0.0,,0.0,,0.0,0.7878212433577956,0.0,,0.0,,1.0,0.10669044119472959,1.0,0.0003986295660554825,0.0,0.06529992704526877,0.0,0.04055608957345059,1.0,0.15674306419557033,0.0,0.4783401879197435,0.0,,0.0,,0.0,,0.0,,0.0,,0.0,0.15008869596479968,0.0,,1.0,1.9539171782535527e-10,0.0,,0.0,0.07039283522830656,0.0,,0.0,0.8003753755733617,1.0,0.3914189433464014,1.0,0.054154438472793505,0.0,,0.0,,0.0,0.9425981286801656,0.0,,1.0,9.65227283865249e-05,1.0,3.729723812333875e-05,0.0,,0.0,,1.0,3.227467605072133e-07,0.0,,0.0,0.4149639645510431,0.0,,0.0,,0.0,,0.0,,0.0,,0.0,0.5993309897450358,0.0,,0.0,,0.0,0.3990884885113344,0.0,,0.0,0.6831900830471892,1.0,0.004379255359389355,0.0,,0.0,,0.0,0.389640924135214,1.0,0.5872689836570377,0.0,0.2605085507212087,0.0,,0.0,,0.0,0.9990819449030818,0.0,,0.0,0.43554529220939014,1.0,0.014528358211633072,0.0,,0.0,0.016062947806195077,1.0,0.341972494960957,0.0,0.7459813202731889,0.0,,0.0,0.4149639645510431,1.0,0.059476962051328464,1.0,0.025132970243099136,1.0,0.00021355544642617655,0.0,0.418156688456229,0.0,,0.0,,0.0,,0.0,,0.0,0.2859252503143154,0.0,,0.0,0.5789361319682353,0.0,,0.0,,1.0,0.0008563681048544442,0.0,0.955991380983518,0.0,0.5903902803011452,0.0,,0.0,,1.0,0.01475217143337853,1.0,0.12122567050037208,0.0,0.0018252728497447288,1.0,0.37433791239495773,1.0,0.0004119331205058253,0.0,0.664016891264226,0.0,,0.0,0.13778274211572217,0.0,0.41922288455723866,0.0,,0.0,,0.0,0.5867883289779826,1.0,0.037044092509823164,0.0,,0.0,0.8009044926194668,0.0,,0.0,,0.0,0.9340781946232904,0.0,0.22529203590302171,0.0,,0.0,,1.0,4.093032894580357e-06,0.0,,0.0,,1.0,0.36170740448826944,0.0,,0.0,0.8779985138800892,0.0,,0.0,,0.0,0.17890421898624803,0.0,0.6734184843317241,1.0,0.19909550738053322,0.0,0.46873030562388346,0.0,0.6303832075043335,0.0,0.8710247248431372,0.0,,0.0,,1.0,0.000267706129991216,0.0,0.6277477207371372,0.0,,0.0,,1.0,4.934539701645753e-06,0.0,0.8286070554297189,1.0,0.00030341291041504557,1.0,0.05296366523566536,0.0,,0.0,0.7061248975638221,0.0,,0.0,0.38064451306285174,0.0,0.3300350838657527,0.0,,0.0,,1.0,0.011896631911880296,1.0,0.18773811273507057,0.0,,0.0,,0.0,0.8252366267010198,0.0,0.1697074687693753,0.0,,0.0,0.15689322163303843,0.0,0.36996187434935907,0.0,0.6056430622680271,1.0,7.391281620241649e-05,0.0,,0.0,0.24381403999213863,1.0,0.008774285630406838,1.0,0.200239772431064,1.0,0.00018152589083000694,0.0,0.6774975090437032,0.0,0.932921426491906,0.0,0.0757226495037782,0.0,,0.0,0.6685584627329884,1.0,0.002455772749989645,1.0,0.012949574410332657,0.0,,0.0,0.05266612947321496,1.0,0.020699068897932976,0.0,,0.0,0.39121116161112535,1.0,,0.0,0.6212990077515899,1.0,5.95432796511129e-09,1.0,0.09627310841216713,0.0,,0.0,0.25570108208517905,0.0,,0.0,0.5350470606751423,1.0,0.005097779412012023,1.0,0.07345402346586052,0.0,,0.0,,0.0,0.9580215130433745,1.0,0.018371153357467463,0.0,,1.0,0.04085456502733862,0.0,,0.0,,1.0,0.06489648088609627,0.0,,0.0,,1.0,0.6976143032879241,0.0,0.8100120063080737,0.0,0.24507740230448033,0.0,,0.0,,1.0,0.000828713161139065,0.0,0.4101854544270887
LOCO_ST,300,57.906312227249146,0.96126848123325,1.0,0.08512119752303683,0.0,0.6239833992007023,0.0,0.7007941408832403,0.0,0.8769467751418607,0.0,0.6239833992007023,0.0,0.7007941408832403,0.0,0.7007941408832403,0.0,0.8285834402896058,1.0,0.8769467751418607,0.0,0.23039623635948664,0.0,0.8285834402896058,0.0,0.7696037636405133,0.0,0.9433278229782898,0.0,0.7007941408832403,1.0,0.05667217702171029,1.0,0.08512119752303683,0.0,0.5419355614943554,0.0,0.4580644385056446,1.0,0.17141655971039418,0.0,0.5419355614943554,0.0,0.5419355614943554,0.0,0.5419355614943554,0.0,0.5419355614943554,0.0,0.37601660079929766,0.0,0.6239833992007023,0.0,0.4580644385056446,0.0,0.37601660079929766,1.0,5.6817825421190045e-08,0.0,0.9148788024769632,0.0,0.8285834402896058,0.0,0.7007941408832403,0.0,0.8285834402896058,1.0,0.37601660079929766,1.0,0.7696037636405133,0.0,0.8769467751418607,0.0,0.2992058591167596,0.0,0.9148788024769632,0.0,0.6239833992007023,1.0,0.004022964066612547,1.0,1.4832264612600933e-05,0.0,0.4580644385056446,0.0,0.8769467751418607,1.0,6.246290643815515e-07,0.0,0.6239833992007023,0.0,0.977701237686042,0.0,0.6239833992007023,0.0,0.9868491674344388,0.0,0.9637252339037691,0.0,0.17141655971039418,0.0,0.4580644385056446,0.0,0.9637252339037691,0.0,0.6239833992007023,0.0,0.2992058591167596,0.0,0.2992058591167596,0.0,0.9637252339037691,0.0,0.7007941408832403,1.0,0.05667217702171029,0.0,0.4580644385056446,0.0,0.6239833992007023,0.0,0.9148788024769632,1.0,0.013150832565561134,0.0,0.9148788024769632,0.0,0.7007941408832403,0.0,0.2992058591167596,0.0,0.7007941408832403,0.0,0.8769467751418607,0.0,0.2992058591167596,1.0,0.007433376472813117,0.0,0.2992058591167596,0.0,0.7007941408832403,1.0,0.17141655971039418,0.0,0.6239833992007023,0.0,0.8769467751418607,0.0,0.37601660079929766,1.0,0.05667217702171029,1.0,0.02229876231395796,1.0,0.0020825570079122217,0.0,0.37601660079929766,0.0,0.23039623635948664,0.0,0.23039623635948664,0.0,0.6239833992007023,0.0,0.17141655971039418,0.0,0.08512119752303683,0.0,0.7696037636405133,0.0,0.036274766096230884,0.0,0.8285834402896058,0.0,0.7007941408832403,1.0,0.02229876231395796,0.0,0.6239833992007023,0.0,0.7696037636405133,0.0,0.7007941408832403,0.0,0.5419355614943554,1.0,0.12305322485813928,1.0,0.17141655971039418,0.0,0.37601660079929766,1.0,0.8285834402896058,1.0,9.387789808964946e-05,0.0,0.8769467751418607,0.0,0.4580644385056446,0.0,0.6239833992007023,0.0,0.8285834402896058,0.0,0.9637252339037691,0.0,0.6239833992007023,0.0,0.7007941408832403,1.0,0.23039623635948664,0.0,0.9433278229782898,0.0,0.8769467751418607,0.0,0.7696037636405133,0.0,0.7007941408832403,0.0,0.5419355614943554,0.0,0.8285834402896058,0.0,0.4580644385056446,0.0,0.9868491674344388,1.0,9.387789808964946e-05,0.0,0.17141655971039418,0.0,0.05667217702171029,1.0,0.2992058591167596,0.0,0.37601660079929766,0.0,0.08512119752303683,0.0,0.12305322485813928,0.0,0.7007941408832403,0.0,0.7696037636405133,0.0,0.8769467751418607,1.0,0.6239833992007023,0.0,0.37601660079929766,0.0,0.4580644385056446,0.0,0.9148788024769632,0.0,0.4580644385056446,0.0,0.9637252339037691,1.0,3.828536465524171e-05,0.0,0.7696037636405133,0.0,0.8769467751418607,0.0,0.2992058591167596,1.0,9.387789808964946e-05,0.0,0.8285834402896058,1.0,0.036274766096230884,1.0,0.17141655971039418,0.0,0.8285834402896058,0.0,0.37601660079929766,0.0,0.9433278229782898,0.0,0.37601660079929766,0.0,0.12305322485813928,0.0,0.4580644385056446,0.0,0.977701237686042,1.0,0.9433278229782898,1.0,0.08512119752303683,0.0,0.5419355614943554,0.0,0.37601660079929766,0.0,0.7007941408832403,0.0,0.5419355614943554,0.0,0.2992058591167596,0.0,0.013150832565561134,0.0,0.9148788024769632,0.0,0.7696037636405133,1.0,0.02229876231395796,0.0,0.4580644385056446,0.0,0.7696037636405133,1.0,0.05667217702171029,1.0,0.036274766096230884,1.0,0.013150832565561134,0.0,0.8285834402896058,0.0,0.9148788024769632,0.0,0.4580644385056446,0.0,0.12305322485813928,0.0,0.8769467751418607,1.0,0.02229876231395796,1.0,0.0004863803539756835,0.0,0.37601660079929766,0.0,0.7007941408832403,1.0,0.4580644385056446,0.0,0.4580644385056446,0.0,0.2992058591167596,1.0,0.05667217702171029,0.0,0.9925666235271868,1.0,1.4832264612600933e-05,1.0,0.2992058591167596,0.0,0.2992058591167596,0.0,0.8285834402896058,0.0,0.37601660079929766,0.0,0.2992058591167596,1.0,0.12305322485813928,1.0,0.2992058591167596,0.0,0.7007941408832403,0.0,0.5419355614943554,0.0,0.6239833992007023,1.0,0.0020825570079122217,0.0,0.2992058591167596,1.0,0.007433376472813117,0.0,0.9989698671595184,0.0,0.12305322485813928,1.0,0.08512119752303683,0.0,0.8769467751418607,0.0,0.2992058591167596,1.0,0.013150832565561134,0.0,0.9959770359333875,0.0,0.12305322485813928,0.0,0.2992058591167596,0.0,0.37601660079929766,1.0,0.02229876231395796,0.0,0.37601660079929766
LOCO_Wilcox,300,57.906312227249146,0.96126848123325,1.0,0.0013693643648264413,0.0,0.31246396962518175,0.0,0.7381833049888039,0.0,0.6315562768168178,0.0,0.5248647831605984,0.0,0.5296691599683112,0.0,0.35937864379312146,0.0,0.9088739538219952,1.0,0.7981173348025994,0.0,0.20990538037677264,0.0,0.9451359326872373,0.0,0.883569959175003,0.0,0.9647471553079217,0.0,0.6085810566535985,1.0,0.06338176220122144,1.0,0.0007981449170217187,0.0,0.17893982552894522,0.0,0.5805091912655358,1.0,0.051381277562119215,0.0,0.38525133805087886,0.0,0.4927769065749058,0.0,0.6345864045422738,0.0,0.8661826977628244,0.0,0.23506973699928335,0.0,0.5742094851249923,0.0,0.16559472271588188,0.0,0.17684380662603222,1.0,7.778959815700768e-09,0.0,0.9062076770153631,0.0,0.7275982289979318,0.0,0.7759137714267983,0.0,0.9095316539848919,1.0,0.35787530246714405,1.0,0.8026181505284065,0.0,0.6687884729212911,0.0,0.5805091912655358,0.0,0.976466145045071,0.0,0.6208873780889815,1.0,2.8892638130369012e-05,1.0,1.7345087216930957e-07,0.0,0.5615546605723861,0.0,0.8092544812848514,1.0,1.0056061430944678e-08,0.0,0.8221101309208145,0.0,0.9561870136776622,0.0,0.6974372810516909,0.0,0.9954644410796792,0.0,0.8313842456353944,0.0,0.15101821734576804,0.0,0.2859252503143154,0.0,0.9750924507658312,0.0,0.8843559625756212,0.0,0.3429663867575016,0.0,0.3138897804107487,0.0,0.9753259627910977,0.0,0.7485533135273665,1.0,0.026347857729986494,0.0,0.5024078147507632,0.0,0.6376081549992105,0.0,0.8679116657381534,1.0,0.0029416555080189247,0.0,0.8363997284623577,0.0,0.7181651402420682,0.0,0.1500777782696826,0.0,0.759954864783479,0.0,0.49598701872886664,0.0,0.3730042421020652,1.0,0.002535416804319955,0.0,0.2181124684392285,0.0,0.7673964375261701,1.0,0.08596283681796696,0.0,0.7877684514977032,0.0,0.8383785161765349,0.0,0.4384453394276138,1.0,0.0030519796511347575,1.0,0.0004949366142830139,1.0,0.0003295474493841538,0.0,0.5883547171352627,0.0,0.2737396985682592,0.0,0.4639318366325498,0.0,0.4147794419038928,0.0,0.5072230934250942,0.0,0.05310003497556625,0.0,0.5647247976458448,0.0,0.15674306419557033,0.0,0.8081580361405718,0.0,0.734238755847334,1.0,0.0002637312153133633,0.0,0.6789397572916643,0.0,0.8383785161765349,0.0,0.7722853600781954,0.0,0.5583805690504846,1.0,0.024212520964118224,1.0,0.26576124415266594,0.0,0.4783401879197435,1.0,0.5008026092483314,1.0,3.367423071879943e-05,0.0,0.8600091472462685,0.0,0.22408622857320176,0.0,0.5360681633674502,0.0,0.5152458731537816,0.0,0.9385948805883164,0.0,0.47513521683940163,0.0,0.7154413453001905,1.0,0.0484802021519127,0.0,0.949878516776931,0.0,0.9628292577034205,0.0,0.7446901666563722,0.0,0.5040129812711334,0.0,0.3669276229720948,0.0,0.6208873780889815,0.0,0.5008026092483314,0.0,0.9345924151939001,1.0,3.858219755222348e-08,0.0,0.13122965173866707,0.0,0.04929538880025989,1.0,0.20874793792800522,0.0,0.2872949580648044,0.0,0.028638372031802736,0.0,0.07458175288201943,0.0,0.881189234694727,0.0,0.6803793111264589,0.0,0.7002401681681502,1.0,0.4100803015498635,0.0,0.3297535019147235,0.0,0.4447972760489532,0.0,0.9177635667523809,0.0,0.6116683791332903,0.0,0.9473338705267851,1.0,1.0450073698990488e-05,0.0,0.4943819171764956,0.0,0.757445798945015,0.0,0.1463551342906918,1.0,3.1421609124259545e-06,0.0,0.8971449913941558,1.0,0.0011066283455658653,1.0,0.16861575436460563,0.0,0.6629309301825693,0.0,0.07629806023359538,0.0,0.9231232076751101,0.0,0.28047769003106016,0.0,0.038496091016579116,0.0,0.5184534397060341,0.0,0.9088739538219952,1.0,0.8517913636474881,1.0,0.014672243465177698,0.0,0.5789361319682353,0.0,0.3011598062493315,0.0,0.8763251097468542,0.0,0.4655307782004888,0.0,0.268407578865959,0.0,0.09379232298463697,0.0,0.7222271209548142,0.0,0.6803793111264589,1.0,0.00021033639279795672,0.0,0.31818384768091956,0.0,0.7058103557006343,1.0,0.0030147976483814727,1.0,0.07233938147770494,1.0,0.0004540835299491178,0.0,0.9608269321612539,0.0,0.935611517048498,0.0,0.5867883289779826,0.0,0.02734623072021834,0.0,0.7459813202731889,1.0,0.003705761154705608,1.0,0.0001224225758738329,0.0,0.1929422589470961,0.0,0.4943819171764956,1.0,0.08533314514306478,0.0,0.7407962198887132,0.0,0.5008026092483314,1.0,0.024674037208902228,0.0,0.9910563023042619,1.0,8.950470024844267e-09,1.0,0.2181124684392285,0.0,0.2412978960065284,0.0,0.646621430941256,0.0,0.11024744455357682,0.0,0.18856419499037097,1.0,0.004922928149590717,1.0,0.22893141947565143,0.0,0.5424578497283279,0.0,0.857304999544374,0.0,0.6039372770694995,1.0,7.462120404678857e-05,0.0,0.5694721511448997,1.0,0.013517330364568774,0.0,0.9981286300610664,0.0,0.13999085275373147,1.0,0.01741089248381317,0.0,0.6132094119661328,0.0,0.3039685533349671,1.0,0.004429998245420029,0.0,0.9943440340830826,0.0,0.05576328792958687,0.0,0.11801339946282496,0.0,0.29975983183184984,1.0,0.012836079705227384,0.0,0.36996187434935907
CPI_KO_ST,300,126.39563870429993,0.9747198729502072,1.0,0.3017028589360689,0.0,1.0,0.0,0.9079417138040071,0.0,1.0,0.0,1.0,0.0,1.0,0.0,1.0,0.0,1.0,1.0,0.13631495635040838,0.0,1.0,0.0,1.0,0.0,0.22648785747124797,0.0,1.0,0.0,0.22648785747124797,1.0,0.9530481495405903,1.0,0.3017028589360689,0.0,0.5230137572095168,0.0,0.03665597629942343,1.0,0.8067450864436307,0.0,0.9405568316259011,0.0,1.0,0.0,0.3017028589360689,0.0,1.0,0.0,1.0,0.0,0.13631495635040838,0.0,0.47698624279048324,0.0,0.6135567284546986,1.0,2.5321200386496716e-36,0.0,0.6135567284546986,0.0,0.13631495635040838,0.0,1.0,0.0,0.38644327154530145,1.0,0.7372790022882232,1.0,0.47698624279048324,0.0,1.0,0.0,0.22648785747124797,0.0,1.0,0.0,1.0,1.0,0.5230137572095168,1.0,5.139670796171776e-17,0.0,0.9633440237005766,0.0,0.04695185045940972,1.0,0.16317699596252302,0.0,1.0,0.0,0.6135567284546986,0.0,1.0,0.0,0.3017028589360689,0.0,1.0,0.0,1.0,0.0,1.0,0.0,1.0,0.0,1.0,0.0,0.3017028589360689,0.0,0.47698624279048324,0.0,1.0,0.0,0.9256037211294845,1.0,0.13631495635040838,0.0,1.0,0.0,1.0,0.0,0.5687364536522668,1.0,0.9405568316259011,0.0,0.9633440237005766,0.0,1.0,0.0,1.0,0.0,1.0,0.0,1.0,0.0,0.7372790022882232,1.0,0.3017028589360689,0.0,1.0,0.0,1.0,1.0,0.8067450864436307,0.0,0.773512142528752,0.0,1.0,0.0,1.0,1.0,0.16317699596252302,1.0,0.773512142528752,1.0,0.3017028589360689,0.0,1.0,0.0,1.0,0.0,1.0,0.0,1.0,0.0,1.0,0.0,0.9633440237005766,0.0,1.0,0.0,1.0,0.0,0.16317699596252302,0.0,1.0,1.0,0.22648785747124797,0.0,1.0,0.0,1.0,0.0,1.0,0.0,1.0,1.0,0.6982971410639311,1.0,0.8067450864436307,0.0,0.9079417138040071,1.0,0.0064559178177449545,1.0,0.6135567284546986,0.0,1.0,0.0,0.6135567284546986,0.0,0.22648785747124797,0.0,1.0,0.0,0.09205828619599285,0.0,1.0,0.0,1.0,1.0,0.26272099771177687,0.0,1.0,0.0,1.0,0.0,0.16317699596252302,0.0,1.0,0.0,0.7372790022882232,0.0,1.0,0.0,0.8067450864436307,0.0,0.836823004037477,1.0,1.4582474982716222e-27,0.0,1.0,0.0,1.0,1.0,0.13631495635040838,0.0,0.34308771160569407,0.0,0.3017028589360689,0.0,1.0,0.0,1.0,0.0,0.836823004037477,0.0,0.34308771160569407,1.0,0.19325491355636926,0.0,1.0,0.0,0.5230137572095168,0.0,1.0,0.0,1.0,0.0,1.0,1.0,0.38644327154530145,0.0,0.26272099771177687,0.0,1.0,0.0,0.0064559178177449545,1.0,0.26272099771177687,0.0,0.13631495635040838,1.0,0.05944316837409894,1.0,0.38644327154530145,0.0,1.0,0.0,0.836823004037477,0.0,1.0,0.0,0.3017028589360689,0.0,0.47698624279048324,0.0,1.0,0.0,1.0,1.0,0.7372790022882232,1.0,0.13631495635040838,0.0,0.836823004037477,0.0,1.0,0.0,0.4312635463477333,0.0,0.09205828619599285,0.0,1.0,0.0,0.04695185045940972,0.0,0.5230137572095168,0.0,1.0,1.0,0.836823004037477,0.0,1.0,0.0,0.34308771160569407,1.0,0.6135567284546986,1.0,0.6982971410639311,1.0,0.012090991236631416,0.0,1.0,0.0,1.0,0.0,0.26272099771177687,0.0,1.0,0.0,0.5687364536522668,1.0,0.03665597629942343,1.0,0.8636850436495916,0.0,1.0,0.0,0.16317699596252302,1.0,0.19325491355636926,0.0,1.0,0.0,0.16317699596252302,1.0,0.8067450864436307,0.0,0.6982971410639311,1.0,5.940370438140378e-23,1.0,0.19325491355636926,0.0,1.0,0.0,0.16317699596252302,0.0,0.6569122883943059,0.0,1.0,1.0,0.836823004037477,1.0,0.11264278394223302,0.0,0.9079417138040071,0.0,1.0,0.0,1.0,1.0,0.6982971410639311,0.0,0.008889670457131127,1.0,0.34308771160569407,0.0,1.0,0.0,0.13631495635040838,1.0,0.26272099771177687,0.0,1.0,0.0,1.0,1.0,0.9633440237005766,0.0,0.6569122883943059,0.0,0.3017028589360689,0.0,1.0,0.0,1.0,1.0,0.6569122883943059,0.0,0.9717171743728545
CPI_KO_Wilcox,300,128.0223376750946,0.9747198729502072,1.0,0.6020615112703147,0.0,,0.0,0.8528446360446378,0.0,,0.0,,0.0,,0.0,,0.0,,1.0,0.48620723389059206,0.0,,0.0,,0.0,0.8585846441394814,0.0,,0.0,0.033123987476402654,1.0,0.5803646143786055,1.0,0.6046249718331527,0.0,0.4455189926308226,0.0,0.2598771323659378,1.0,0.18183452145440782,0.0,0.09633115710244533,0.0,,0.0,0.04160684002882489,0.0,,0.0,,0.0,0.4613272068278905,0.0,0.857239077391901,0.0,0.0905584794350408,1.0,1.858369911689029e-35,0.0,0.3388412119059423,0.0,0.7748094954139939,0.0,,0.0,0.6012916076219568,1.0,0.549746467970453,1.0,0.22325785364664946,0.0,,0.0,0.3195962591617061,0.0,,0.0,,1.0,0.843945514169723,1.0,4.237563326353243e-30,0.0,0.9908322057666009,0.0,0.3946068664579543,1.0,0.1907472973762684,0.0,,0.0,0.7124644301491984,0.0,,0.0,0.6231946956980766,0.0,,0.0,,0.0,,0.0,,0.0,,0.0,0.34347681285840326,0.0,0.5283629890585012,0.0,,0.0,0.7163064157631231,1.0,0.1485374030484114,0.0,,0.0,,0.0,0.09330092208525192,1.0,0.5762018488525468,0.0,0.02648516279336627,0.0,,0.0,,0.0,,0.0,,0.0,0.09599093553262344,1.0,0.2859505983989025,0.0,,0.0,,1.0,0.8664772848971156,0.0,0.5568454096595117,0.0,,0.0,,1.0,0.3889863778769589,1.0,0.8506910592437721,1.0,0.322692423483947,0.0,,0.0,,0.0,,0.0,,0.0,,0.0,0.07851528953210296,0.0,,0.0,,0.0,0.030101607441304048,0.0,,1.0,0.7950132979446877,0.0,,0.0,,0.0,,0.0,,1.0,0.8392845100130597,1.0,0.2692347470134816,0.0,0.8605130222071293,1.0,0.8503816962988815,1.0,0.8688980757974234,0.0,,0.0,0.14381343948700032,0.0,0.814098426905798,0.0,,0.0,0.02287605209791353,0.0,,0.0,,1.0,0.038122499034379344,0.0,,0.0,,0.0,0.46687585578730445,0.0,,0.0,0.15054895719272177,0.0,,0.0,0.8712883766073829,0.0,0.12118616166621565,1.0,4.725070664265247e-32,0.0,,0.0,,1.0,0.12955178242846943,0.0,0.3080401382429494,0.0,0.19732757236404097,0.0,,0.0,,0.0,0.9267906067865244,0.0,0.9484414046957848,1.0,0.41056124238619496,0.0,,0.0,0.21826825613314266,0.0,,0.0,,0.0,,1.0,0.31414922109793925,0.0,0.7938778105965949,0.0,,0.0,0.3469076959270877,1.0,0.4492007758810649,0.0,0.7090541471597611,1.0,0.3033766559357334,1.0,0.6555442349817783,0.0,,0.0,0.947449957286331,0.0,,0.0,0.01953216531676111,0.0,0.9106290575401411,0.0,,0.0,,1.0,0.5230680880544737,1.0,0.16646066684721644,0.0,0.5997506200775111,0.0,,0.0,0.09045003988242911,0.0,0.30477238755327585,0.0,,0.0,0.5759413883699055,0.0,0.6560338418043596,0.0,,1.0,0.639991982933805,0.0,,0.0,0.05487303241070285,1.0,0.8183410351217622,1.0,0.05348416531232474,1.0,0.4141854455661206,0.0,,0.0,,0.0,0.7634794353235346,0.0,,0.0,0.6379997589878744,1.0,0.617118638418824,1.0,0.4700494749285166,0.0,,0.0,0.9427235593751225,1.0,0.34347681285840326,0.0,,0.0,0.24188571467795705,1.0,0.07939625283725688,0.0,0.4072027283725587,1.0,2.264379901856706e-29,1.0,0.42692584205086115,0.0,,0.0,0.6626176467143368,0.0,0.3364111355261484,0.0,,1.0,0.46952040077739576,1.0,0.4376456596115279,0.0,0.17558141571520341,0.0,,0.0,,1.0,0.5873686984277402,0.0,0.9807664282182357,1.0,0.18536791178431383,0.0,,0.0,0.584518406068019,1.0,0.326040551572266,0.0,,0.0,,1.0,0.07082697221657187,0.0,0.19219782212727182,0.0,0.22399507594551826,0.0,,0.0,,1.0,0.9148497746923411,0.0,0.544747765778366
dCRT,300,56.762094020843506,0.9747198729502072,1.0,8.203866353858717e-28,0.0,0.6189902108212285,0.0,0.07107341275263745,0.0,0.9584692721113857,0.0,0.90224464626788,0.0,0.6417851395584976,0.0,0.8781262679295518,0.0,0.6036389276394576,1.0,0.07424566670631533,0.0,0.8869377657394764,0.0,0.760648394003684,0.0,0.16333140656153278,0.0,0.40559703507570366,0.0,0.06460741453415571,1.0,1.0691385590705344e-10,1.0,1.0264414293545496e-32,0.0,5.2771983904124685e-05,0.0,0.006595195216551324,1.0,8.839957919743382e-11,0.0,0.11399467847202394,0.0,0.3357427278222117,0.0,0.10826178803475259,0.0,0.9825215015979291,0.0,0.774633601784199,0.0,0.17009333892047096,0.0,0.37539788018449227,0.0,0.9474118213571464,1.0,6.52913916368842e-30,0.0,0.08995395435889515,0.0,0.00965305232023371,0.0,0.9584672432362676,0.0,0.597059454646207,1.0,0.004646628585684212,1.0,2.144237056056602e-09,0.0,0.8317391928982695,0.0,0.45627731185183995,0.0,0.7750974025645623,0.0,0.7927983917202248,1.0,4.628125023829032e-31,1.0,2.871663254820189e-29,0.0,0.7951630090527415,0.0,0.29890340608297805,1.0,7.8434432378581e-28,0.0,0.39913736181004733,0.0,0.03367940110911277,0.0,0.5557633326304863,0.0,0.32023185703192003,0.0,0.6355963065883137,0.0,0.976028566867008,0.0,0.9331169768176505,0.0,0.9698203985703219,0.0,0.9762663609582819,0.0,0.13291590187004593,0.0,0.01109244618772219,0.0,0.9422486032828147,0.0,0.21220297041319647,1.0,6.836232398671612e-10,0.0,0.8402477702482487,0.0,0.6371391411482465,0.0,0.031010480952284602,1.0,1.3074567917080668e-05,0.0,0.12917311452459931,0.0,0.816882221051089,0.0,0.5746130489651982,0.0,0.9140506979625351,0.0,0.7289283959662969,0.0,0.3453944584859001,1.0,6.0893873148640655e-25,0.0,0.4814975045792246,0.0,0.4888070366856444,1.0,1.487572785966968e-12,0.0,0.34552634129927795,0.0,0.8286574013911963,0.0,0.7457601319162837,1.0,5.314859433704541e-18,1.0,5.33232735541968e-26,1.0,1.39380808224584e-28,0.0,0.9107462640755478,0.0,0.8286253237137865,0.0,0.920030022967519,0.0,0.5322142811544113,0.0,0.6996196247056037,0.0,0.04114570520729371,0.0,0.5954929840096184,0.0,0.7629205020687935,0.0,0.8726160455392389,0.0,0.6069556668326432,1.0,2.3342219543578148e-23,0.0,0.9943812339803214,0.0,0.6130429832258446,0.0,0.9962426035070676,0.0,0.7780908079986447,1.0,1.9062876592565298e-08,1.0,0.0066475324527528025,0.0,0.026799405806286265,1.0,0.004149441279001479,1.0,9.007991714916837e-26,0.0,0.9054599956543146,0.0,0.3046219778322595,0.0,0.08250422465566357,0.0,0.9178246480756012,0.0,0.28817112353250196,0.0,0.6921240803721005,0.0,0.980936569654644,1.0,2.843170548744106e-08,0.0,0.7775231505993354,0.0,0.9429936049081913,0.0,0.05748557701186211,0.0,0.8886581014944687,0.0,0.24997284045886092,0.0,0.9791537809318741,0.0,0.5866958910370718,0.0,0.11015914630437289,1.0,3.886613365625908e-32,0.0,0.8342909139626639,0.0,0.9009621861689279,1.0,0.00037307267944721557,0.0,0.018782281036844845,0.0,0.30552149989579214,0.0,0.7361801079497609,0.0,0.8087724787595012,0.0,0.039550940994031815,0.0,0.8738336413341701,1.0,3.8958093996602677e-07,0.0,0.6973505679159033,0.0,0.08266546359314604,0.0,0.8421056774718065,0.0,0.5881693338851977,0.0,0.6454443585396765,1.0,1.3936636876010907e-26,0.0,0.11606495142455904,0.0,0.6740902588321676,0.0,0.5285314433258812,1.0,1.434908542123611e-26,0.0,0.23753698205694251,1.0,3.504509520220227e-22,1.0,9.472456752055175e-11,0.0,0.8284944390216817,0.0,0.04422872875480164,0.0,0.7751565888610725,0.0,0.4351216684362661,0.0,0.009785298092374353,0.0,0.639272531097886,0.0,0.508161790560585,1.0,4.167489790318029e-06,1.0,1.9130605437586436e-17,0.0,0.3750672384785828,0.0,0.6198041328586799,0.0,0.02953182454164352,0.0,0.4452837705038435,0.0,0.4462278556333047,0.0,0.012890032469718012,0.0,0.00559897391883181,0.0,0.9213049693936343,1.0,2.864450557312105e-23,0.0,0.5532137478869084,0.0,0.01711770749204822,1.0,8.808516033275638e-13,1.0,1.4599951783229702e-17,1.0,4.4180364556175736e-13,0.0,0.7645912363436708,0.0,0.9681284576762642,0.0,0.4806907406366193,0.0,0.8406685678387703,0.0,0.3967807367627859,1.0,3.3346263603059545e-18,1.0,6.294210524326538e-12,0.0,0.5804199160708496,0.0,0.021471956953699578,1.0,1.647890862582981e-15,0.0,0.864702529656877,0.0,0.17982123778265502,1.0,0.0019272787419308312,0.0,0.08935538899384136,1.0,6.354558548977248e-30,1.0,5.802743297617689e-13,0.0,0.730215423362587,0.0,0.11120399398136165,0.0,0.45251125762614297,0.0,0.9926374934426773,1.0,3.1322287643148294e-29,1.0,5.830239815836823e-09,0.0,0.4349610620311295,0.0,0.876439457255584,0.0,0.8459862125211156,1.0,1.8751408606789666e-25,0.0,0.22040062625172685,1.0,2.2085467927467107e-14,0.0,0.5712843821139062,0.0,0.6348894517085271,1.0,7.193962390195614e-12,0.0,0.77863309507308,0.0,0.6445493529740466,1.0,0.0006675053844608752,0.0,0.34912372355992427,0.0,0.060018152313590735,0.0,0.9186384940705018,0.0,0.6223723899183318,1.0,2.5418273569758466e-21,0.0,0.016015115709766752
HRT,300,263.249573469162,0.96126848123325,1.0,0.0,0.0,1.0,0.0,0.6447619047619048,0.0,0.36523809523809525,0.0,1.0,0.0,1.0,0.0,1.0,0.0,0.9519047619047619,1.0,0.19333333333333333,0.0,1.0,0.0,1.0,0.0,0.9552380952380952,0.0,1.0,0.0,1.0,1.0,0.018571428571428572,1.0,0.0,0.0,0.06333333333333334,0.0,0.14904761904761904,1.0,0.008095238095238095,0.0,0.08476190476190476,0.0,1.0,0.0,1.0,0.0,1.0,0.0,1.0,0.0,1.0,0.0,0.6133333333333333,0.0,1.0,1.0,0.0,0.0,1.0,0.0,0.11476190476190476,0.0,1.0,0.0,0.8180952380952381,1.0,0.047619047619047616,1.0,0.011904761904761904,0.0,1.0,0.0,1.0,0.0,0.9423809523809524,0.0,1.0,1.0,0.0,1.0,0.0,0.0,1.0,0.0,1.0,1.0,0.0,0.0,1.0,0.0,0.11,0.0,1.0,0.0,1.0,0.0,1.0,0.0,1.0,0.0,1.0,0.0,0.4,0.0,1.0,0.0,1.0,0.0,0.27285714285714285,0.0,1.0,0.0,0.7076190476190476,1.0,0.0014285714285714286,0.0,1.0,0.0,1.0,0.0,0.029523809523809525,1.0,0.20238095238095238,0.0,0.559047619047619,0.0,1.0,0.0,1.0,0.0,0.9571428571428572,0.0,1.0,0.0,0.35714285714285715,1.0,0.0,0.0,1.0,0.0,0.08,1.0,0.002857142857142857,0.0,0.5919047619047619,0.0,1.0,0.0,0.27,1.0,0.0009523809523809524,1.0,0.0,1.0,0.0,0.0,0.5366666666666666,0.0,1.0,0.0,1.0,0.0,1.0,0.0,1.0,0.0,0.1438095238095238,0.0,1.0,0.0,0.8138095238095238,0.0,1.0,0.0,1.0,1.0,0.0,0.0,0.8204761904761905,0.0,0.9104761904761904,0.0,1.0,0.0,1.0,1.0,0.027142857142857142,1.0,0.49523809523809526,0.0,0.06285714285714286,1.0,0.16095238095238096,1.0,0.0,0.0,0.599047619047619,0.0,1.0,0.0,0.12,0.0,0.3476190476190476,0.0,1.0,0.0,1.0,0.0,0.919047619047619,1.0,0.002857142857142857,0.0,1.0,0.0,0.9166666666666666,0.0,1.0,0.0,1.0,0.0,0.5261904761904762,0.0,0.9623809523809523,0.0,1.0,0.0,1.0,1.0,0.0,0.0,1.0,0.0,1.0,1.0,0.2876190476190476,0.0,1.0,0.0,0.94,0.0,1.0,0.0,1.0,0.0,0.5157142857142857,0.0,0.5095238095238095,1.0,0.08619047619047619,0.0,0.5733333333333334,0.0,0.29904761904761906,0.0,0.93,0.0,1.0,0.0,1.0,1.0,0.0,0.0,0.5242857142857142,0.0,1.0,0.0,1.0,1.0,0.0,0.0,0.8495238095238096,1.0,0.0,1.0,0.0014285714285714286,0.0,1.0,0.0,0.3942857142857143,0.0,1.0,0.0,0.2885714285714286,0.0,0.27,0.0,1.0,0.0,1.0,1.0,0.09142857142857143,1.0,0.022857142857142857,0.0,1.0,0.0,1.0,0.0,0.7452380952380953,0.0,0.36,0.0,1.0,0.0,0.028095238095238097,0.0,0.20476190476190476,0.0,0.6319047619047619,1.0,0.0,0.0,1.0,0.0,0.02095238095238095,1.0,0.0,1.0,0.005238095238095238,1.0,0.0,0.0,0.741904761904762,0.0,0.9276190476190476,0.0,0.16714285714285715,0.0,1.0,0.0,0.6123809523809524,1.0,0.0,1.0,0.0,0.0,1.0,0.0,0.5714285714285714,1.0,0.0004761904761904762,0.0,1.0,0.0,0.8123809523809524,1.0,1.0,0.0,0.44142857142857145,1.0,0.0,1.0,0.10904761904761905,0.0,1.0,0.0,0.007619047619047619,0.0,1.0,0.0,0.32047619047619047,1.0,0.0,1.0,0.010952380952380953,0.0,1.0,0.0,1.0,0.0,0.7342857142857143,1.0,0.0,0.0,1.0,1.0,0.02095238095238095,0.0,1.0,0.0,1.0,1.0,0.0019047619047619048,0.0,1.0,0.0,1.0,1.0,0.07285714285714286,0.0,0.5628571428571428,0.0,0.44095238095238093,0.0,1.0,0.0,1.0,1.0,0.002857142857142857,0.0,0.5533333333333333
