method,n,tr_time,r2_test,tr_V0,pval0,tr_V1,pval1,tr_V2,pval2,tr_V3,pval3,tr_V4,pval4,tr_V5,pval5,tr_V6,pval6,tr_V7,pval7,tr_V8,pval8,tr_V9,pval9,tr_V10,pval10,tr_V11,pval11,tr_V12,pval12,tr_V13,pval13,tr_V14,pval14,tr_V15,pval15,tr_V16,pval16,tr_V17,pval17,tr_V18,pval18,tr_V19,pval19,tr_V20,pval20,tr_V21,pval21,tr_V22,pval22,tr_V23,pval23,tr_V24,pval24,tr_V25,pval25,tr_V26,pval26,tr_V27,pval27,tr_V28,pval28,tr_V29,pval29,tr_V30,pval30,tr_V31,pval31,tr_V32,pval32,tr_V33,pval33,tr_V34,pval34,tr_V35,pval35,tr_V36,pval36,tr_V37,pval37,tr_V38,pval38,tr_V39,pval39,tr_V40,pval40,tr_V41,pval41,tr_V42,pval42,tr_V43,pval43,tr_V44,pval44,tr_V45,pval45,tr_V46,pval46,tr_V47,pval47,tr_V48,pval48,tr_V49,pval49,tr_V50,pval50,tr_V51,pval51,tr_V52,pval52,tr_V53,pval53,tr_V54,pval54,tr_V55,pval55,tr_V56,pval56,tr_V57,pval57,tr_V58,pval58,tr_V59,pval59,tr_V60,pval60,tr_V61,pval61,tr_V62,pval62,tr_V63,pval63,tr_V64,pval64,tr_V65,pval65,tr_V66,pval66,tr_V67,pval67,tr_V68,pval68,tr_V69,pval69,tr_V70,pval70,tr_V71,pval71,tr_V72,pval72,tr_V73,pval73,tr_V74,pval74,tr_V75,pval75,tr_V76,pval76,tr_V77,pval77,tr_V78,pval78,tr_V79,pval79,tr_V80,pval80,tr_V81,pval81,tr_V82,pval82,tr_V83,pval83,tr_V84,pval84,tr_V85,pval85,tr_V86,pval86,tr_V87,pval87,tr_V88,pval88,tr_V89,pval89,tr_V90,pval90,tr_V91,pval91,tr_V92,pval92,tr_V93,pval93,tr_V94,pval94,tr_V95,pval95,tr_V96,pval96,tr_V97,pval97,tr_V98,pval98,tr_V99,pval99,tr_V100,pval100,tr_V101,pval101,tr_V102,pval102,tr_V103,pval103,tr_V104,pval104,tr_V105,pval105,tr_V106,pval106,tr_V107,pval107,tr_V108,pval108,tr_V109,pval109,tr_V110,pval110,tr_V111,pval111,tr_V112,pval112,tr_V113,pval113,tr_V114,pval114,tr_V115,pval115,tr_V116,pval116,tr_V117,pval117,tr_V118,pval118,tr_V119,pval119,tr_V120,pval120,tr_V121,pval121,tr_V122,pval122,tr_V123,pval123,tr_V124,pval124,tr_V125,pval125,tr_V126,pval126,tr_V127,pval127,tr_V128,pval128,tr_V129,pval129,tr_V130,pval130,tr_V131,pval131,tr_V132,pval132,tr_V133,pval133,tr_V134,pval134,tr_V135,pval135,tr_V136,pval136,tr_V137,pval137,tr_V138,pval138,tr_V139,pval139,tr_V140,pval140,tr_V141,pval141,tr_V142,pval142,tr_V143,pval143,tr_V144,pval144,tr_V145,pval145,tr_V146,pval146,tr_V147,pval147,tr_V148,pval148,tr_V149,pval149,tr_V150,pval150,tr_V151,pval151,tr_V152,pval152,tr_V153,pval153,tr_V154,pval154,tr_V155,pval155,tr_V156,pval156,tr_V157,pval157,tr_V158,pval158,tr_V159,pval159,tr_V160,pval160,tr_V161,pval161,tr_V162,pval162,tr_V163,pval163,tr_V164,pval164,tr_V165,pval165,tr_V166,pval166,tr_V167,pval167,tr_V168,pval168,tr_V169,pval169,tr_V170,pval170,tr_V171,pval171,tr_V172,pval172,tr_V173,pval173,tr_V174,pval174,tr_V175,pval175,tr_V176,pval176,tr_V177,pval177,tr_V178,pval178,tr_V179,pval179,tr_V180,pval180,tr_V181,pval181,tr_V182,pval182,tr_V183,pval183,tr_V184,pval184,tr_V185,pval185,tr_V186,pval186,tr_V187,pval187,tr_V188,pval188,tr_V189,pval189,tr_V190,pval190,tr_V191,pval191,tr_V192,pval192,tr_V193,pval193,tr_V194,pval194,tr_V195,pval195,tr_V196,pval196,tr_V197,pval197,tr_V198,pval198,tr_V199,pval199
LOCO-W,300,75.9903793334961,0.9543768685797918,1.0,0.9999999990130526,0.0,0.6014977638686713,1.0,1.3322676295501878e-12,1.0,8.486382707673101e-10,0.0,0.140341366866922,0.0,0.9677826444072696,0.0,0.9999999964152043,0.0,0.9633365705463368,0.0,0.08070844364854324,0.0,0.9999999979601041,0.0,6.286593468018964e-11,1.0,0.05039024190772645,1.0,0.03559030686611575,0.0,0.9191565338061871,0.0,0.9856508765657203,0.0,0.9054110718467666,1.0,2.2454726966714134e-10,0.0,0.8897267274809083,0.0,1.6899248667101574e-10,0.0,0.9531655750048661,1.0,0.9813330008049359,0.0,0.16981547260787666,0.0,0.8706847867621323,0.0,0.03257333454618905,1.0,0.36098251256459224,0.0,0.18981984880629055,1.0,0.9752008762613013,1.0,0.7366782054638803,1.0,0.2997835225366289,0.0,0.15620350598551858,0.0,0.6829503248652036,1.0,6.630251903061435e-13,0.0,0.5494972582299256,1.0,0.9942535024357874,1.0,0.573509619300226,0.0,0.0009983463555442995,0.0,0.038135112839308594,1.0,0.15582212484021496,0.0,0.5425661496418772,0.0,0.6018147973287062,0.0,0.9946201828231508,0.0,0.0028361442572414353,0.0,0.8434993044734357,0.0,0.33127758692299614,0.0,3.2577851527548773e-10,0.0,0.23528003719157442,1.0,0.14973402737702135,0.0,0.015828722698804754,0.0,0.8640638512919754,0.0,0.9242400865491821,0.0,0.9939307867969289,0.0,0.8997056876479316,1.0,0.7816505650358122,0.0,0.7415073424819709,0.0,0.9784030823282209,0.0,0.33527467754256723,0.0,1.029643592609375e-09,0.0,0.055075326690199766,0.0,0.04644189713505731,1.0,0.21330322603457352,0.0,0.011934692681966674,0.0,0.7749593442894565,0.0,0.04381846118977151,1.0,0.6635815389728617,0.0,0.9427199380970883,0.0,0.996891635075296,0.0,0.7625833585007704,0.0,0.567582768822484,0.0,1.545898753452235e-08,0.0,0.45000706547508385,0.0,4.697608968484701e-11,0.0,0.22276487891682684,0.0,0.3401417690844617,0.0,0.7280771403211862,1.0,0.9788955606929816,0.0,0.8183522237009949,1.0,0.49018144558143795,0.0,0.5624461624706891,0.0,0.12010065546644755,1.0,1.3655743202889425e-14,1.0,0.99999999999854,0.0,0.9474126534603478,0.0,0.2791981539211672,0.0,0.8443471319916843,0.0,0.7492984258448414,1.0,0.5740196856883435,1.0,0.08646772353515864,0.0,0.9536345370090814,1.0,0.8002781322244251,1.0,4.207745263329343e-14,0.0,0.9999999985498775,0.0,2.0722915938797826e-08,0.0,0.1418634614406038,0.0,0.9999999848072118,0.0,0.8808455930307948,0.0,0.43599762703152656,1.0,0.9921243788869918,0.0,0.8148248484734761,1.0,0.999999999994833,0.0,0.07291118820222708,0.0,0.16867023015021076,0.0,0.2132019867479117,0.0,0.9999999999999619,1.0,0.24017402808858002,0.0,0.9232321663637557,1.0,8.115730310009894e-14,0.0,0.956188126015969,1.0,2.689674039046963e-10,0.0,0.06947300774609477,1.0,0.028253204998874515,0.0,0.9999999835391736,0.0,0.34319660022939014,0.0,0.84608543479284,1.0,0.6554090029170809,1.0,0.3594767758593117,0.0,0.9999999998903916,0.0,0.7391479201592579,0.0,0.9834340006686665,0.0,3.5227376571356217e-13,0.0,0.999999999445961,0.0,0.8344279692451088,0.0,0.7764470103238144,0.0,0.16300337189742364,1.0,0.2109499239070194,0.0,0.9980613561581568,1.0,1.765254609153999e-14,0.0,0.3784173228445352,0.0,0.33324418417248536,0.0,7.438381022240037e-10,0.0,0.9905066705897411,0.0,0.23816387162298103,1.0,0.0075159267747128,1.0,7.379985511590803e-12,1.0,0.35423233391988285,0.0,0.018703136324697445,0.0,0.17953995549528123,0.0,0.9999999999823049,0.0,0.9999999999950806,0.0,0.7984439122175444,0.0,0.5099289791333577,0.0,0.679606650665457,1.0,2.3425705819590803e-14,0.0,8.975291763135829e-07,1.0,0.5627831092923401,0.0,0.005059398560478434,0.0,0.8567954050722832,0.0,1.2203016375167408e-11,0.0,0.9659192218737351,0.0,0.9914317006147001,0.0,0.333957623218363,0.0,0.5286703141143423,0.0,0.9498939230895516,0.0,0.07264034501466188,0.0,1.4054435393262565e-10,0.0,0.07547471008073403,1.0,0.6188246232982042,0.0,0.33925339184722014,0.0,0.8437766754861431,0.0,0.0010569057175472407,0.0,0.8439492784162097,0.0,0.16015119905622366,1.0,0.8866592580059667,0.0,0.0015189058445151948,0.0,0.09948683176643658,0.0,0.8704104493775559,0.0,0.501343583250478,0.0,0.9855013147918702,0.0,0.611408590994864,1.0,0.16133665476858172,0.0,0.49320877637228466,0.0,1.398123838924903e-10,1.0,0.4119637410402869,0.0,0.7742184841559387,0.0,0.7676301641366625,0.0,0.9999999547743672,0.0,0.029844087500255356,0.0,0.7019817354238895,1.0,0.7787500778436756,0.0,0.8144797564397703,0.0,0.01682772784906461,0.0,2.601252546696742e-13,0.0,0.9999999994771339,0.0,0.07640563732256478,1.0,0.016233574509832316,0.0,0.9854550670282458,1.0,0.9547031587096675,0.0,0.9996168815740133,0.0,0.5938401752199349,0.0,0.9999999994039984,0.0,0.21875175532638402,0.0,0.05591979387056023,1.0,5.301592498341279e-11,0.0,0.8832184480260193,0.0,0.9999999999369071,0.0,0.5676375314772625,0.0,3.441008589177841e-10,0.0,0.6782533731128906,0.0,0.7927025464719659,0.0,0.025591541927191264,0.0,0.14849188355785703
CPI,300,74.64200115203857,0.9543768685797918,1.0,1.3341981526510159e-05,0.0,0.7493182429180891,1.0,0.00010467700948296456,1.0,1.3407078978774187e-06,0.0,1.0,0.0,1.0,0.0,1.0,0.0,0.06958922583884238,0.0,1.0,0.0,1.0,0.0,1.0,1.0,7.642704270243209e-05,1.0,0.1392394469591997,0.0,0.9942154679386213,0.0,1.0,0.0,1.0,1.0,5.237087356893097e-07,0.0,0.9216097743816444,0.0,0.959746069206748,0.0,0.02045281084765862,1.0,0.9297389469831577,0.0,0.11714102959269851,0.0,1.0,0.0,1.0,1.0,0.00023463319953559214,0.0,0.735362044596095,1.0,0.44039310525377795,1.0,0.005092560858078264,1.0,0.0061891081604076486,0.0,0.5186845167106187,0.0,0.9816987764619697,1.0,1.0,0.0,1.0,1.0,0.0837019471531722,1.0,0.005666732623230878,0.0,0.4154276853102257,0.0,0.1362333184546583,1.0,0.23523330029687334,0.0,0.9800459094719073,0.0,1.0,0.0,0.785193578139733,0.0,0.5934603714442424,0.0,0.9619293889139827,0.0,1.0,0.0,1.0,0.0,0.3666743669257174,1.0,0.03048339501415453,0.0,1.0,0.0,1.0,0.0,0.89567168863254,0.0,1.0,0.0,1.0,1.0,0.013463718243133874,0.0,1.0,0.0,1.0,0.0,0.3167026604545358,0.0,1.0,0.0,0.7033906521702807,0.0,1.0,1.0,0.107388532138804,0.0,1.0,0.0,0.534665964466069,0.0,0.4464916216969023,1.0,1.0,0.0,0.9299275170747778,0.0,0.30127867254901575,0.0,1.0,0.0,0.018654376010299432,0.0,1.0,0.0,1.0,0.0,1.0,0.0,0.21618238778837184,0.0,0.8040583448466038,0.0,1.0,1.0,1.0,0.0,0.38530633878421183,1.0,0.16471436675211515,0.0,1.0,0.0,1.0,1.0,0.00040245827463359697,1.0,1.0,0.0,0.32252079850849896,0.0,1.0,0.0,1.0,0.0,0.39170961739966115,1.0,0.4086252135628131,1.0,0.02925946223449156,0.0,0.4737218865426213,1.0,1.516458703560928e-07,1.0,2.966367346524055e-05,0.0,0.5677513185840579,0.0,0.6628438708551492,0.0,0.16782414560041153,0.0,1.0,0.0,0.5434838823582584,0.0,0.1640225433874269,1.0,0.4391939375440723,0.0,1.0,1.0,1.3049746733172523e-06,0.0,1.0,0.0,1.0,0.0,0.2107735596680561,0.0,0.3800834091009682,1.0,0.13419264106693957,0.0,0.11045542691682925,1.0,0.0007493095523715953,0.0,1.0,1.0,9.980800970852662e-05,0.0,1.0,1.0,0.029369144158049785,0.0,0.6321217632592753,0.0,1.0,0.0,1.0,1.0,0.0847123873771079,1.0,5.8191537425315846e-06,0.0,1.0,0.0,0.9073629934947617,0.0,1.0,0.0,0.034641319801453886,0.0,0.5961046018970381,0.0,0.6021774096516361,0.0,0.9707919042137756,0.0,1.0,1.0,0.37589194523975045,0.0,0.805176952752358,1.0,1.373142577841209e-08,0.0,1.0,0.0,1.0,0.0,1.0,0.0,0.9788258675871309,0.0,0.041485001785918685,1.0,0.00013941166209247791,1.0,7.843539292413376e-05,1.0,0.30752902031564056,0.0,1.0,0.0,1.0,0.0,0.11950327623467216,0.0,1.0,0.0,0.677028380846693,0.0,0.1855699918815943,0.0,1.0,1.0,0.00014117546640075689,0.0,0.5812965943969464,1.0,0.003597815521181265,0.0,0.3154529565149772,0.0,1.0,0.0,1.0,0.0,1.0,0.0,0.1278329937034119,0.0,0.40166232613251956,0.0,1.0,0.0,0.5707838112455237,0.0,1.0,0.0,1.0,0.0,1.0,1.0,7.91158418995905e-07,0.0,0.8925148628788291,0.0,1.0,0.0,1.0,0.0,0.11562492665779789,0.0,1.0,1.0,0.13600159308807147,0.0,1.0,0.0,0.6602217079942014,0.0,1.0,0.0,0.09607604616103088,0.0,1.0,0.0,0.21908248033630284,1.0,0.6038032593325344,0.0,1.0,0.0,1.0,1.0,0.01845126122557538,0.0,0.8018535388433705,0.0,0.43656435238012536,0.0,0.3089836247923097,0.0,0.19031995905900206,0.0,0.49045495284542984,1.0,0.1681124815791794,0.0,0.05227096474209323,0.0,1.0,0.0,0.5181709453128321,0.0,0.4646090494745908,0.0,1.0,1.0,0.14912199574723806,0.0,1.0,1.0,0.16186518603411837,0.0,0.06528041810872368,0.0,1.0,0.0,0.41732941429543646,0.0,1.0,0.0,1.0,1.0,1.450521415230284e-07,0.0,0.4209243623618548,0.0,0.5706588136948273,0.0,0.3149032923429356,0.0,1.0,0.0,0.3281811922627036,0.0,1.0,0.0,0.0882176678958892,0.0,0.8920785247250268
CPI_sqrt,300,74.56691694259644,0.9543768685797918,1.0,0.10948245170396492,0.0,0.501928986299614,1.0,0.10082473497875688,1.0,0.12203879142866497,0.0,0.5,0.0,0.5,0.0,0.5,0.0,0.4981827768056161,0.0,0.5,0.0,0.5,0.0,0.5,1.0,0.4431997674145492,1.0,0.39522382814116086,0.0,0.5026510271839872,0.0,0.5,0.0,0.5,1.0,0.35019408324917833,0.0,0.4903597313959824,0.0,0.49572674912535614,0.0,0.49972916809610696,1.0,0.4963281697649953,0.0,0.49835613348126623,0.0,0.5,0.0,0.5,1.0,0.12738321384495965,0.0,0.500789991464128,1.0,0.5061895324449952,1.0,0.43068448693306294,1.0,0.24889031614329066,0.0,0.49924487154259983,0.0,0.5529098097479097,1.0,0.5,0.0,0.5,1.0,0.4992548513270732,1.0,0.4892273265953692,0.0,0.49813982748389657,0.0,0.5031035524950916,1.0,0.48501091976075517,0.0,0.5013390936811635,0.0,0.5,0.0,0.4977082752689826,0.0,0.5080009404720593,0.0,0.5311196876644699,0.0,0.5,0.0,0.5,0.0,0.4999079709686112,1.0,0.45739966877029337,0.0,0.5,0.0,0.5,0.0,0.5046233113275934,0.0,0.5,0.0,0.5,1.0,0.41134217573663784,0.0,0.5,0.0,0.5,0.0,0.5022523009910129,0.0,0.5,0.0,0.5038269695322914,0.0,0.5,1.0,0.3783451965326758,0.0,0.5,0.0,0.5017710319227608,0.0,0.5041010852572607,1.0,0.5,0.0,0.5056176905552539,0.0,0.5023582674767706,0.0,0.5,0.0,0.5043529441703016,0.0,0.5,0.0,0.5,0.0,0.5,0.0,0.4525096571067631,0.0,0.49864691999132765,0.0,0.5,1.0,0.5,0.0,0.48696774216422545,1.0,0.5000027308864629,0.0,0.5,0.0,0.5,1.0,0.2564849715788971,1.0,0.5,0.0,0.4999068102976098,0.0,0.5,0.0,0.5,0.0,0.5001023171477138,1.0,0.46470802640026704,1.0,0.3618719279104662,0.0,0.4996808357397767,1.0,0.05660642973513227,1.0,0.18432209625856172,0.0,0.4972926708245668,0.0,0.50030654513221,0.0,0.49857847454305637,0.0,0.5,0.0,0.5012540487035304,0.0,0.49576293146731765,1.0,0.49373211678913365,0.0,0.5,1.0,0.21555251167590228,0.0,0.5,0.0,0.5,0.0,0.49801003231745095,0.0,0.4989280692875916,1.0,0.4164633078945808,0.0,0.4459884553168573,1.0,0.35166796587908067,0.0,0.5,1.0,0.1270027651658316,0.0,0.5,1.0,0.31600945360277666,0.0,0.5191417505680449,0.0,0.5,0.0,0.5,1.0,0.5003874365604928,1.0,0.09658281957815595,0.0,0.5,0.0,0.4923360230839032,0.0,0.5,0.0,0.4832828876064088,0.0,0.5067289127843551,0.0,0.4998049968939976,0.0,0.49993658574623934,0.0,0.5,1.0,0.5061684271701049,0.0,0.500048425067429,1.0,0.011319070288257904,0.0,0.5,0.0,0.5,0.0,0.5,0.0,0.5086601438059961,0.0,0.4846036867102091,1.0,0.06977642852998905,1.0,0.13256292867245623,1.0,0.42835124749946535,0.0,0.5,0.0,0.5,0.0,0.5026024596203562,0.0,0.5,0.0,0.49988704209862217,0.0,0.500762365266285,0.0,0.5,1.0,0.08427290889187444,0.0,0.5020176329629007,1.0,0.3778564161007768,0.0,0.49501471424088583,0.0,0.5,0.0,0.5,0.0,0.5,0.0,0.4879937173083059,0.0,0.5027066230913143,0.0,0.5,0.0,0.5088826439986013,0.0,0.5,0.0,0.5,0.0,0.5,1.0,0.13313737862425296,0.0,0.5002493669103709,0.0,0.5,0.0,0.5,0.0,0.5012630903284968,0.0,0.5,1.0,0.4753843400396821,0.0,0.5,0.0,0.5002721742207588,0.0,0.5,0.0,0.500089637874545,0.0,0.5,0.0,0.4992851797095535,1.0,0.5228979235418378,0.0,0.5,0.0,0.5,1.0,0.25847988355432705,0.0,0.49839920082844746,0.0,0.5052611399064681,0.0,0.49296579752935504,0.0,0.49655902723372414,0.0,0.5085303028762451,1.0,0.4617462471047927,0.0,0.49536528155674325,0.0,0.5,0.0,0.5252346982312315,0.0,0.49729704919741474,0.0,0.5,1.0,0.5445464039118584,0.0,0.5,1.0,0.5001474926894394,0.0,0.4989442778993455,0.0,0.5,0.0,0.5110337969253674,0.0,0.5,0.0,0.5,1.0,0.14128623827742898,0.0,0.4999952675059914,0.0,0.49853642426778777,0.0,0.4935529737152152,0.0,0.5,0.0,0.5109424573117891,0.0,0.5,0.0,0.4990385211003512,0.0,0.5207734684647742
CPI_n,300,74.56936931610107,0.9543768685797918,1.0,0.0010396561042650021,0.0,0.5580364360124849,1.0,4.2725065591108366e-05,1.0,0.0018591203322369228,0.0,0.5,0.0,0.5,0.0,0.5,0.0,0.4823660366596034,0.0,0.5,0.0,0.5,0.0,0.5,1.0,0.09489926566600576,1.0,0.23951165639969774,0.0,0.5714941713223386,0.0,0.5,0.0,0.5,1.0,0.013984593713385021,0.0,0.4866060015805889,0.0,0.6116049750611703,0.0,0.49933905385811345,1.0,0.42958519986404364,0.0,0.4301590677675493,0.0,0.5,0.0,0.5,1.0,0.0034408600541878352,0.0,0.5355606352791605,1.0,0.4295553671911103,1.0,0.09104393719447473,1.0,0.004057636910260963,0.0,0.5736047691903252,0.0,0.6579980721729362,1.0,0.5,0.0,0.5,1.0,0.4983892290818967,1.0,0.4410689834633519,0.0,0.4970706151221152,0.0,0.4919371165539176,1.0,0.262677945334693,0.0,0.5142826311241142,0.0,0.5,0.0,0.4340282189816274,0.0,0.5275866118297096,0.0,0.5750282396912416,0.0,0.5,0.0,0.5,0.0,0.5116985632655385,1.0,0.3026249507601162,0.0,0.5,0.0,0.5,0.0,0.5132345626618419,0.0,0.5,0.0,0.5,1.0,0.15896272902391567,0.0,0.5,0.0,0.5,0.0,0.47135400728781074,0.0,0.5,0.0,0.5328696466079095,0.0,0.5,1.0,0.04096421266249753,0.0,0.5,0.0,0.4985581230269776,0.0,0.4305201836041246,1.0,0.5,0.0,0.5370677515141207,0.0,0.5140629610902573,0.0,0.5,0.0,0.4796386134525143,0.0,0.5,0.0,0.5,0.0,0.5,0.0,0.43298208715643927,0.0,0.4699917648751728,0.0,0.5,1.0,0.5,0.0,0.3337969601359587,1.0,0.49662718369993897,0.0,0.5,0.0,0.5,1.0,0.0012728584882212186,1.0,0.5,0.0,0.5051946450284355,0.0,0.5,0.0,0.5,0.0,0.4991667671098467,1.0,0.3357000368423807,1.0,0.15566675636889676,0.0,0.4987808463241007,1.0,4.4395357880260126e-05,1.0,0.003719425884943658,0.0,0.4182568943763324,0.0,0.495257899440019,0.0,0.4929627373207471,0.0,0.5,0.0,0.5093432794057449,0.0,0.551383195145242,1.0,0.4031636531923124,0.0,0.5,1.0,0.00033835353703768337,0.0,0.5,0.0,0.5,0.0,0.4592204841200612,0.0,0.5162985885374934,1.0,0.6703637212653333,0.0,0.6670035496011992,1.0,0.09012250494700547,0.0,0.5,1.0,0.0006598632754318027,0.0,0.5,1.0,0.058864110707193516,0.0,0.4780557792385669,0.0,0.5,0.0,0.5,1.0,0.31145452251423744,1.0,1.0530280430376433e-05,0.0,0.5,0.0,0.6034817755991941,0.0,0.5,0.0,0.3975922608290222,0.0,0.5277849964590129,0.0,0.4931800694317829,0.0,0.49454447302034166,0.0,0.5,1.0,0.4982576540175493,0.0,0.5013384436460264,1.0,0.0005880588358790738,0.0,0.5,0.0,0.5,0.0,0.5,0.0,0.5438789735845326,0.0,0.41625246199461874,1.0,0.0015157449415452013,1.0,0.00034986369284612786,1.0,0.3253490864386891,0.0,0.5,0.0,0.5,0.0,0.5034726835785055,0.0,0.5,0.0,0.5200548985654923,0.0,0.4997889240474352,0.0,0.5,1.0,0.007808521016972493,0.0,0.5143770575057911,1.0,0.005932009548547907,0.0,0.41834278120365564,0.0,0.5,0.0,0.5,0.0,0.5,0.0,0.5153672898906791,0.0,0.44011577172050875,0.0,0.5,0.0,0.48332559375576073,0.0,0.5,0.0,0.5,0.0,0.5,1.0,0.0018396033504124152,0.0,0.5272686372862453,0.0,0.5,0.0,0.5,0.0,0.5209980775088537,0.0,0.5,1.0,0.3680124863048083,0.0,0.5,0.0,0.5007165910560493,0.0,0.5,0.0,0.497165952835581,0.0,0.5,0.0,0.4493530241292604,1.0,0.4916179675571915,0.0,0.5,0.0,0.5,1.0,0.004135160321659213,0.0,0.47612013497842903,0.0,0.6116165313634273,0.0,0.43004809666872307,0.0,0.5146059307823605,0.0,0.43501526230496457,1.0,0.27540015896676096,0.0,0.6425624792472755,0.0,0.5,0.0,0.44905181357160096,0.0,0.4612031861861431,0.0,0.5,1.0,0.4073267920481911,0.0,0.5,1.0,0.49702031231206356,0.0,0.4932948825187315,0.0,0.5,0.0,0.5642109645867714,0.0,0.5,0.0,0.5,1.0,0.0007307960102852653,0.0,0.5003383477479035,0.0,0.4902454086833115,0.0,0.469531933372259,0.0,0.5,0.0,0.5988674383416035,0.0,0.5,0.0,0.4780501615628261,0.0,0.6980044443870198
CPI_bt,300,75.3988447189331,0.9543768685797918,1.0,1.1545314525204073e-09,0.0,0.531366176706651,1.0,3.3856888261309486e-14,1.0,9.033308542162588e-14,0.0,0.5,0.0,0.5,0.0,0.5,0.0,0.49555658239989714,0.0,0.5,0.0,0.5,0.0,0.5,1.0,1.9008515642019417e-05,1.0,0.032910860914436964,0.0,0.473441089460311,0.0,0.5,0.0,0.5,1.0,1.0300557311543012e-07,0.0,0.5277844999603889,0.0,0.5456111309500513,0.0,0.4990274945109089,1.0,0.2902353214784931,0.0,0.37788783829090994,0.0,0.5,0.0,0.5,1.0,6.511287624603324e-27,0.0,0.5472863816381334,1.0,0.438101395571336,1.0,0.005523479917964552,1.0,6.61091078499502e-07,0.0,0.5430402814183357,0.0,0.8628447710910992,1.0,0.5,0.0,0.5,1.0,0.4894713990723495,1.0,0.3553440785588944,0.0,0.5360453277259065,0.0,0.45636103993565885,1.0,0.19795500184431025,0.0,0.5075460074274518,0.0,0.5,0.0,0.5572706052095541,0.0,0.44224479691015384,0.0,0.6174259562756483,0.0,0.5,0.0,0.5,0.0,0.5127766647235373,1.0,0.013490934250956717,0.0,0.5,0.0,0.5,0.0,0.6886137786078337,0.0,0.5,0.0,0.5,1.0,1.8703676375854714e-06,0.0,0.5,0.0,0.5,0.0,0.47690990799669875,0.0,0.5,0.0,0.5075574812986312,0.0,0.5,1.0,6.57713861626916e-10,0.0,0.5,0.0,0.5053270430171716,0.0,0.43988909152064526,1.0,0.5,0.0,0.5323576078434699,0.0,0.4663630075454723,0.0,0.5,0.0,0.5344946838622836,0.0,0.5,0.0,0.5,0.0,0.5,0.0,0.3143266413834348,0.0,0.49905375146557085,0.0,0.5,1.0,0.5,0.0,0.4716133269370285,1.0,0.49855445025515327,0.0,0.5,0.0,0.5,1.0,3.176426811373347e-05,1.0,0.5,0.0,0.5248489244420587,0.0,0.5,0.0,0.5,0.0,0.4990044018123411,1.0,0.5277123934670528,1.0,0.00017259319656095457,0.0,0.49605402565044027,1.0,4.6610957681519e-19,1.0,8.270463268862954e-14,0.0,0.45647324303017883,0.0,0.5018978592401051,0.0,0.49144897478516797,0.0,0.5,0.0,0.4972502934586788,0.0,0.34602905722780586,1.0,0.44207474818684167,0.0,0.5,1.0,1.1298378711175092e-12,0.0,0.5,0.0,0.5,0.0,0.49291295708710586,0.0,0.4249739226684679,1.0,0.029089207424019468,0.0,0.565621718769356,1.0,1.1100086264352438e-05,0.0,0.5,1.0,2.36815643218536e-07,0.0,0.5,1.0,0.0008189150676169535,0.0,0.6264403406972667,0.0,0.5,0.0,0.5,1.0,0.459311019630952,1.0,6.339005986748261e-15,0.0,0.5,0.0,0.5174600690337833,0.0,0.5,0.0,0.380854775651453,0.0,0.5568559905945615,0.0,0.4902415532822527,0.0,0.5349086827812768,0.0,0.5,1.0,0.5430414951295763,0.0,0.5009554610900007,1.0,1.040502921393462e-13,0.0,0.5,0.0,0.5,0.0,0.5,0.0,0.5229248272027959,0.0,0.24652969005290687,1.0,8.322329746928531e-18,1.0,1.3603743276963771e-08,1.0,0.2491254869223165,0.0,0.5,0.0,0.5,0.0,0.4825137862817474,0.0,0.5,0.0,0.48817373701548855,0.0,0.485455170422585,0.0,0.5,1.0,1.9632086495433742e-06,0.0,0.46365669640944634,1.0,0.001009653458385615,0.0,0.4602027536357108,0.0,0.5,0.0,0.5,0.0,0.5,0.0,0.4508718593285519,0.0,0.4310318566708772,0.0,0.5,0.0,0.6844878477123719,0.0,0.5,0.0,0.5,0.0,0.5,1.0,5.919675689346391e-13,0.0,0.5260912562576275,0.0,0.5,0.0,0.5,0.0,0.5133648322446709,0.0,0.5,1.0,0.34140682436121417,0.0,0.5,0.0,0.4997213929514419,0.0,0.5,0.0,0.48652143012208837,0.0,0.5,0.0,0.39876671872172825,1.0,0.7271144494972519,0.0,0.5,0.0,0.5,1.0,6.770733991068252e-09,0.0,0.49647465644231686,0.0,0.3655149562343998,0.0,0.4815715929861614,0.0,0.39110359785060356,0.0,0.5313229449184266,1.0,0.025493205296057208,0.0,0.2730618442101715,0.0,0.5,0.0,0.5444528043911774,0.0,0.5286936123703475,0.0,0.5,1.0,0.19050884411814661,0.0,0.5,1.0,0.5051379764997528,0.0,0.47902240295336124,0.0,0.5,0.0,0.5485516752750528,0.0,0.5,0.0,0.5,1.0,4.6147512361104826e-12,0.0,0.49997759953637355,0.0,0.4870921466377651,0.0,0.44617461607040304,0.0,0.5,0.0,0.49890889465335286,0.0,0.5,0.0,0.48010086265027574,0.0,0.8274616731807942
CPI_sqd,300,75.34429907798767,0.9543768685797918,1.0,5.659354248632826e-29,0.0,1.0,1.0,1.0679763865212494e-42,1.0,3.2702041519385797e-41,0.0,0.5,0.0,0.5,0.0,0.5,0.0,0.008986644380882324,0.0,0.5,0.0,0.5,0.0,0.5,1.0,1.3515481505607131e-241,1.0,1.2026772011324615e-45,0.0,1.0,0.0,0.5,0.0,0.5,1.0,1.192899793222694e-229,0.0,0.9130543874149655,0.0,1.0,0.0,0.22789389887411066,1.0,3.531827588087304e-35,0.0,1.0,0.0,0.5,0.0,0.5,1.0,4.688244590720142e-105,0.0,0.9999999999999873,1.0,7.683932957003946e-53,1.0,5.127659040988535e-129,1.0,1.5145931561895722e-68,0.0,1.0,0.0,1.582988028124546e-45,1.0,0.5,0.0,0.5,1.0,0.00010362171195672895,1.0,8.709587374581449e-76,0.0,0.31344270019261355,0.0,0.9861361064459042,1.0,6.171634870072313e-112,0.0,0.9974256762784974,0.0,0.5,0.0,0.6951652179088877,0.0,1.0,0.0,1.0,0.0,0.5,0.0,0.5,0.0,0.9969654214800866,1.0,1.4165268214483152e-75,0.0,0.5,0.0,0.5,0.0,1.0,0.0,0.5,0.0,0.5,1.0,2.095009117386769e-69,0.0,0.5,0.0,0.5,0.0,4.1714027326804105e-12,0.0,0.5,0.0,0.9999999997806862,0.0,0.5,1.0,1.0617178494787278e-50,0.0,0.5,0.0,1.0,0.0,8.501323453353541e-30,1.0,0.5,0.0,1.0,0.0,0.9999999481601174,0.0,0.5,0.0,0.999999999999996,0.0,0.5,0.0,0.5,0.0,0.5,0.0,6.063448095997059e-67,0.0,1.1561447267775143e-12,0.0,0.5,1.0,0.5,0.0,0.00042180184517449703,1.0,0.18182939759095412,0.0,0.5,0.0,0.5,1.0,5.23244397603465e-46,1.0,0.5,0.0,9.333446607073868e-05,0.0,0.5,0.0,0.5,0.0,0.4144776921666535,1.0,1.1370360300929869e-133,1.0,2.603473490116605e-116,0.0,0.5779039342030037,1.0,2.1716570389796788e-36,1.0,4.973631905347713e-120,0.0,1.0,0.0,0.5594866253357228,0.0,0.35183643220144645,0.0,0.5,0.0,0.9997778871812185,0.0,1.872448853552846e-35,1.0,1.7523977335140984e-24,0.0,0.5,1.0,5.23436885565278e-105,0.0,0.5,0.0,0.5,0.0,7.4253591465932385e-31,0.0,1.5003926132999623e-30,1.0,3.688435044623997e-46,0.0,0.00200825980699993,1.0,5.843858457027005e-57,0.0,0.5,1.0,9.589985772199202e-54,0.0,0.5,1.0,2.810168636744359e-49,0.0,1.0,0.0,0.5,0.0,0.5,1.0,7.269286743539815e-308,1.0,1.9709175508048694e-58,0.0,0.5,0.0,1.885732139764367e-09,0.0,0.5,0.0,0.0,0.0,0.999999998734376,0.0,0.9925200986118977,0.0,0.9999915802848176,0.0,0.5,1.0,9.977787351134357e-11,0.0,0.556090055298207,1.0,1.0219593110048314e-24,0.0,0.5,0.0,0.5,0.0,0.5,0.0,1.0,0.0,1.438960449666192e-103,1.0,2.879434971336345e-35,1.0,2.5409994853417753e-28,1.0,1.1465660096729178e-87,0.0,0.5,0.0,0.5,0.0,0.9989985987735377,0.0,0.5,0.0,8.577144155367344e-08,0.0,0.000453079252361748,0.0,0.5,1.0,5.841557351275981e-28,0.0,0.0018965244797030587,1.0,6.108477292391164e-26,0.0,6.898917451433483e-16,0.0,0.5,0.0,0.5,0.0,0.5,0.0,5.5670120619762e-48,0.0,3.2031184963419175e-07,0.0,0.5,0.0,0.9999999995877604,0.0,0.5,0.0,0.5,0.0,0.5,1.0,2.7867760040017955e-43,0.0,0.6273026712822367,0.0,0.5,0.0,0.5,0.0,0.999999999999749,0.0,0.5,1.0,0.4237637637036038,0.0,0.5,0.0,0.6008175327697565,0.0,0.5,0.0,2.5230774830267152e-20,0.0,0.5,0.0,4.65630198124648e-166,1.0,4.559287077380335e-11,0.0,0.5,0.0,0.5,1.0,9.81475437101389e-49,0.0,4.353134454263047e-16,0.0,1.0,0.0,0.9999999999957763,0.0,3.0288520591785198e-40,0.0,0.9814277130910438,1.0,1.0427971843996568e-35,0.0,0.9868327497908763,0.0,0.5,0.0,3.093947496671099e-19,0.0,3.4821109896675573e-06,0.0,0.5,1.0,0.8250481805666705,0.0,0.5,1.0,0.7507713203545422,0.0,0.0009174948663562281,0.0,0.5,0.0,1.0,0.0,0.5,0.0,0.5,1.0,1.0782919264994355e-36,0.0,0.5243798666741764,0.0,0.0023414894392928378,0.0,0.9779574153393066,0.0,0.5,0.0,1.0,0.0,0.5,0.0,4.59843198827823e-06,0.0,1.0
S-CPI,300,75.09702324867249,0.9543768685797918,1.0,0.00413123343439704,0.0,0.9565497946281624,1.0,2.2560337629200033e-05,1.0,0.0013764190217852152,0.0,0.5,0.0,0.5,0.0,0.5,0.0,0.03520527267688893,0.0,0.5,0.0,0.5,0.0,0.5,1.0,0.011333246151951422,1.0,0.10688850664025573,0.0,0.9923789121498089,0.0,0.5,0.0,0.5,1.0,6.815935730674567e-07,0.0,0.7684683521294758,0.0,0.9403517894211146,0.0,0.07020408032807866,1.0,0.7203504036902637,0.0,0.24190959378417415,0.0,0.5,0.0,0.5,1.0,0.00011118505060077036,0.0,0.9394124271680745,1.0,0.08469728579033786,1.0,0.06205299542262712,1.0,0.00029024384502591126,0.0,0.885550254828442,0.0,0.7810906151790131,1.0,0.5,0.0,0.5,1.0,0.16828859130197338,1.0,0.09811228683200074,0.0,0.49941885959057647,0.0,0.6985502585077277,1.0,0.145830320947895,0.0,0.9859890863196995,0.0,0.5,0.0,0.7885472767296511,0.0,0.926368485609472,0.0,0.8983150867619047,0.0,0.5,0.0,0.5,0.0,0.6319494419590902,1.0,0.121733304464198,0.0,0.5,0.0,0.5,0.0,0.8250776783929018,0.0,0.5,0.0,0.5,1.0,0.028335069011858848,0.0,0.5,0.0,0.5,0.0,0.30295336838817266,0.0,0.5,0.0,0.8602619124901213,0.0,0.5,1.0,0.07492274109673243,0.0,0.5,0.0,0.7818534052058054,0.0,0.12290279809702143,1.0,0.5,0.0,0.9978208388307511,0.0,0.5497593044066097,0.0,0.5,0.0,0.5120231818048244,0.0,0.5,0.0,0.5,0.0,0.5,0.0,0.045361850223479445,0.0,0.1045045494287346,0.0,0.5,1.0,0.5,0.0,0.2509338579588891,1.0,0.16482068078176915,0.0,0.5,0.0,0.5,1.0,0.04326360583965803,1.0,0.5,0.0,0.7564403224711026,0.0,0.5,0.0,0.5,0.0,0.41948226702214675,1.0,0.14097050747066314,1.0,0.05357467373092184,0.0,0.23116681094627972,1.0,1.8142542065393306e-07,1.0,4.737822269124634e-05,0.0,0.7609946977620694,0.0,0.5793512465566174,0.0,0.1641400954730552,0.0,0.5,0.0,0.7285621758348589,0.0,0.431430485073508,1.0,0.1849498964352042,0.0,0.5,1.0,4.0713805601019974e-08,0.0,0.5,0.0,0.5,0.0,0.38786097798921726,0.0,0.41230464581914106,1.0,0.11104368243233215,0.0,0.6029596846833132,1.0,0.006516565929519482,0.0,0.5,1.0,3.6259871670163356e-05,0.0,0.5,1.0,0.03867658907177454,0.0,0.6966949762750974,0.0,0.5,0.0,0.5,1.0,0.06888840896082948,1.0,3.390785399034753e-05,0.0,0.5,0.0,0.49836043720186296,0.0,0.5,0.0,0.11245003111544527,0.0,0.9077806790464826,0.0,0.31554142517507544,0.0,0.8912858084573556,0.0,0.5,1.0,0.3082565397012288,0.0,0.9500369378532851,1.0,5.221247075446976e-06,0.0,0.5,0.0,0.5,0.0,0.5,0.0,0.9865691292744417,0.0,0.011162222588247145,1.0,0.0001487712545437008,1.0,0.0007743658788010229,1.0,0.18202137306283817,0.0,0.5,0.0,0.5,0.0,0.7084184734454129,0.0,0.5,0.0,0.6516309862977676,0.0,0.053246314085528594,0.0,0.5,1.0,0.026987814651672947,0.0,0.37310631295619384,1.0,0.0268983486528978,0.0,0.4262808002998694,0.0,0.5,0.0,0.5,0.0,0.5,0.0,0.1787009178099193,0.0,0.5006088713294976,0.0,0.5,0.0,0.6045582389661152,0.0,0.5,0.0,0.5,0.0,0.5,1.0,0.002667959729169514,0.0,0.7166957007150528,0.0,0.5,0.0,0.5,0.0,0.7454995839309593,0.0,0.5,1.0,0.22504183756948382,0.0,0.5,0.0,0.5988556299434452,0.0,0.5,0.0,0.23602830637186123,0.0,0.5,0.0,0.30312918977295833,1.0,0.7614622372917259,0.0,0.5,0.0,0.5,1.0,0.0065582658020439735,0.0,0.1843624494111758,0.0,0.9449826905192357,0.0,0.3978578618746648,0.0,0.1917504665219507,0.0,0.7247006048498266,1.0,0.3454240445562595,0.0,0.5542366827882399,0.0,0.5,0.0,0.3479533520794911,0.0,0.6311876888537238,0.0,0.5,1.0,0.5475388898347614,0.0,0.5,1.0,0.4838789278008266,0.0,0.10434987136498264,0.0,0.5,0.0,0.7220663333162678,0.0,0.5,0.0,0.5,1.0,0.0003634625003838553,0.0,0.8865501048886846,0.0,0.31408776860284654,0.0,0.24421428310211657,0.0,0.5,0.0,0.8227412839575698,0.0,0.5,0.0,0.22078084823498306,0.0,0.972534820525065
S-CPI_sqrt,300,75.07836294174194,0.9543768685797918,1.0,0.1338862393560613,0.0,0.5070569619492397,1.0,0.055015646952291004,1.0,0.13751530085417324,0.0,0.5,0.0,0.5,0.0,0.5,0.0,0.49696206682650024,0.0,0.5,0.0,0.5,0.0,0.5,1.0,0.3621063070660291,1.0,0.40765441470041164,0.0,0.5341515049669525,0.0,0.5,0.0,0.5,1.0,0.2513979392284519,0.0,0.5203380631161304,0.0,0.5053900148372443,0.0,0.4997972672073649,1.0,0.5210553311104164,0.0,0.4912396366285955,0.0,0.5,0.0,0.5,1.0,0.13760563759199318,0.0,0.5068414514537801,1.0,0.49157909800321664,1.0,0.4358196077367792,1.0,0.25052076482228414,0.0,0.5111166182482668,0.0,0.5326915937618552,1.0,0.5,0.0,0.5,1.0,0.497969455557589,1.0,0.4792008137279467,0.0,0.5027513183712606,0.0,0.5056824182325603,1.0,0.45448698753153843,0.0,0.5033691349802049,0.0,0.5,0.0,0.5045469325628548,0.0,0.5164540472071018,0.0,0.5384757890351118,0.0,0.5,0.0,0.5,0.0,0.5011528657337552,1.0,0.42504878440239463,0.0,0.5,0.0,0.5,0.0,0.5135256313078432,0.0,0.5,0.0,0.5,1.0,0.3516074281136231,0.0,0.5,0.0,0.5,0.0,0.49666341969054323,0.0,0.5,0.0,0.5035975969909723,0.0,0.5,1.0,0.3557387268104118,0.0,0.5,0.0,0.5014701564075056,0.0,0.49207845599548106,1.0,0.5,0.0,0.5081900630615044,0.0,0.5017431286068027,0.0,0.5,0.0,0.4940625912821162,0.0,0.5,0.0,0.5,0.0,0.5,0.0,0.4653292036473221,0.0,0.4972886529111225,0.0,0.5,1.0,0.5,0.0,0.5088834363722655,1.0,0.499618222912344,0.0,0.5,0.0,0.5,1.0,0.2777027718499211,1.0,0.5,0.0,0.5019075837947702,0.0,0.5,0.0,0.5,0.0,0.49993968248207904,1.0,0.4612878912070684,1.0,0.3961441605818581,0.0,0.4996369866260705,1.0,0.053487164631714795,1.0,0.1660459619372196,0.0,0.5124309287659979,0.0,0.500089293009758,0.0,0.498295290478169,0.0,0.5,0.0,0.5003837165150897,0.0,0.49496941021050456,1.0,0.4939003865178843,0.0,0.5,1.0,0.14434663960456373,0.0,0.5,0.0,0.5,0.0,0.4972979573604419,0.0,0.4962669195499593,1.0,0.40542407429398547,0.0,0.4870104643018106,1.0,0.2979810750414156,0.0,0.5,1.0,0.11537223601815383,0.0,0.5,1.0,0.3680038711728537,0.0,0.5164084823685009,0.0,0.5,0.0,0.5,1.0,0.47875148143676455,1.0,0.04888976810922272,0.0,0.5,0.0,0.5052360546984624,0.0,0.5,0.0,0.47865177369078693,0.0,0.5071001914115044,0.0,0.4990866361809285,0.0,0.5029677991389094,0.0,0.5,1.0,0.5032614136112513,0.0,0.5001557753282077,1.0,0.031238342491336207,0.0,0.5,0.0,0.5,0.0,0.5,0.0,0.5106703578704537,0.0,0.4804441211113574,1.0,0.13610894074794966,1.0,0.09571311033766644,1.0,0.45137613988822084,0.0,0.5,0.0,0.5,0.0,0.4996632011037005,0.0,0.5,0.0,0.4995799307159577,0.0,0.49702058860802606,0.0,0.5,1.0,0.16742695904552896,0.0,0.49963773848927623,1.0,0.29686408865924196,0.0,0.49397923684682676,0.0,0.5,0.0,0.5,0.0,0.5,0.0,0.4918639375520689,0.0,0.5016972277862476,0.0,0.5,0.0,0.5088175594002114,0.0,0.5,0.0,0.5,0.0,0.5,1.0,0.14420827029195776,0.0,0.5013565982853995,0.0,0.5,0.0,0.5,0.0,0.5052695946520506,0.0,0.5,1.0,0.47856583148564896,0.0,0.5,0.0,0.500194914887995,0.0,0.5,0.0,0.49662737409745294,0.0,0.5,0.0,0.48095374729512974,1.0,0.5108201030531472,0.0,0.5,0.0,0.5,1.0,0.2881296481096607,0.0,0.495881324132702,0.0,0.5268074924527718,0.0,0.49977477428479783,0.0,0.49836672666336596,0.0,0.5088497121611496,1.0,0.4859459860883406,0.0,0.5220726227635221,0.0,0.5,0.0,0.4977228711236623,0.0,0.502529126566456,0.0,0.5,1.0,0.4852731309587472,0.0,0.5,1.0,0.500670803358724,0.0,0.49822899563034523,0.0,0.5,0.0,0.5177648764568898,0.0,0.5,0.0,0.5,1.0,0.16122817227804237,0.0,0.5000259226823425,0.0,0.4992043129803598,0.0,0.49443364246253585,0.0,0.5,0.0,0.5130456082153521,0.0,0.5,0.0,0.496900661484908,0.0,0.5301468300849115
S-CPI_n,300,75.08298945426941,0.9543768685797918,1.0,0.013596325999206437,0.0,0.5593511550704694,1.0,0.000297617417832376,1.0,0.005761758602793956,0.0,0.5,0.0,0.5,0.0,0.5,0.0,0.4700218255799076,0.0,0.5,0.0,0.5,0.0,0.5,1.0,0.1305792358010262,1.0,0.17578615483387466,0.0,0.7333410075155973,0.0,0.5,0.0,0.5,1.0,0.0016555707851122578,0.0,0.6377988940841844,0.0,0.5790771695763073,0.0,0.49783181632806073,1.0,0.6742308116490288,0.0,0.5372917195780222,0.0,0.5,0.0,0.5,1.0,0.0005587744716073381,0.0,0.5577138986424961,1.0,0.38370257007795366,1.0,0.21529770500516826,1.0,0.012411667473259369,0.0,0.648665391979904,0.0,0.7343056886166062,1.0,0.5,0.0,0.5,1.0,0.4836513437884876,1.0,0.3848136725166832,0.0,0.5057882981621918,0.0,0.5383655003219646,1.0,0.2823952104221637,0.0,0.5302329111196635,0.0,0.5,0.0,0.49978568305781446,0.0,0.5907971522926206,0.0,0.6625508323472324,0.0,0.5,0.0,0.5,0.0,0.518618901828927,1.0,0.18121983068832848,0.0,0.5,0.0,0.5,0.0,0.5768681281922281,0.0,0.5,0.0,0.5,1.0,0.08633515343605463,0.0,0.5,0.0,0.5,0.0,0.4961395768068915,0.0,0.5,0.0,0.5357195261796931,0.0,0.5,1.0,0.23018141047267376,0.0,0.5,0.0,0.5097842309850792,0.0,0.438736165986787,1.0,0.5,0.0,0.5662533216376818,0.0,0.4930346222338653,0.0,0.5,0.0,0.44978200905743565,0.0,0.5,0.0,0.5,0.0,0.5,0.0,0.32278848892626155,0.0,0.4640425654250473,0.0,0.5,1.0,0.5,0.0,0.5387170474037868,1.0,0.49699844511432695,0.0,0.5,0.0,0.5,1.0,0.05628888034160643,1.0,0.5,0.0,0.5135925496261885,0.0,0.5,0.0,0.5,0.0,0.4982618536137705,1.0,0.33722087941198287,1.0,0.14280790395145038,0.0,0.497302031533774,1.0,1.6115753529760728e-05,1.0,0.0010765193227755116,0.0,0.5900497132685709,0.0,0.509568985408905,0.0,0.4872741159887205,0.0,0.5,0.0,0.5199112252990148,0.0,0.5463431216758099,1.0,0.44999814721409137,0.0,0.5,1.0,0.0003050732658717151,0.0,0.5,0.0,0.5,0.0,0.4685180547312693,0.0,0.4728286785747061,1.0,0.19457923117877762,0.0,0.47284316457785774,1.0,0.031733431404872635,0.0,0.5,1.0,0.0025591078746133567,0.0,0.5,1.0,0.159209680771761,0.0,0.6044363000978035,0.0,0.5,0.0,0.5,1.0,0.2849859421287702,1.0,0.00018879640851586415,0.0,0.5,0.0,0.5132637460418132,0.0,0.5,0.0,0.3907286100091073,0.0,0.5610412916119405,0.0,0.4947357197536587,0.0,0.5278046249168763,0.0,0.5,1.0,0.47743423880648,0.0,0.5010865952495552,1.0,0.0002402110494988195,0.0,0.5,0.0,0.5,0.0,0.5,0.0,0.612004246082327,0.0,0.3592136774661663,1.0,0.003029745455881774,1.0,0.0008222461347490144,1.0,0.26251101263170695,0.0,0.5,0.0,0.5,0.0,0.5053836151125348,0.0,0.5,0.0,0.505587135669061,0.0,0.48619278235449714,0.0,0.5,1.0,0.0401696938249573,0.0,0.47251728426792305,1.0,0.0825754994064048,0.0,0.45765579409163193,0.0,0.5,0.0,0.5,0.0,0.5,0.0,0.39164259883858543,0.0,0.48452702167383194,0.0,0.5,0.0,0.5930002591296499,0.0,0.5,0.0,0.5,0.0,0.5,1.0,0.019872237857800307,0.0,0.5230761917032213,0.0,0.5,0.0,0.5,0.0,0.5429814724813038,0.0,0.5,1.0,0.41773007594985867,0.0,0.5,0.0,0.5016889374917014,0.0,0.5,0.0,0.49169572565325215,0.0,0.5,0.0,0.30323373157427447,1.0,0.6503010853897186,0.0,0.5,0.0,0.5,1.0,0.014268665041473286,0.0,0.47522708562188415,0.0,0.6414188214153766,0.0,0.45728467842274695,0.0,0.43598233115269014,0.0,0.5757854907000625,1.0,0.47410730137686674,0.0,0.6435944114931524,0.0,0.5,0.0,0.5248251989148582,0.0,0.47078613871802977,0.0,0.5,1.0,0.5549326614232138,0.0,0.5,1.0,0.5041898178434531,0.0,0.4850152735042146,0.0,0.5,0.0,0.5658342300652941,0.0,0.5,0.0,0.5,1.0,0.001601535278693785,0.0,0.5002438782793139,0.0,0.49168027707980055,0.0,0.4366816202470007,0.0,0.5,0.0,0.5711860603193091,0.0,0.5,0.0,0.48638375511600823,0.0,0.7406911930278384
S-CPI_bt,300,75.87197685241699,0.9543768685797918,1.0,1.8055209358332546e-06,0.0,0.5460672944395661,1.0,9.330683087943255e-12,1.0,8.583888954745585e-07,0.0,0.5,0.0,0.5,0.0,0.5,0.0,0.4666886600722008,0.0,0.5,0.0,0.5,0.0,0.5,1.0,0.0012382092790776864,1.0,0.006496617514031451,0.0,0.7982430907119147,0.0,0.5,0.0,0.5,1.0,8.056325036003428e-12,0.0,0.6695066625130136,0.0,0.6186294071708021,0.0,0.49561454017163215,1.0,0.727323134234641,0.0,0.4489435645792313,0.0,0.5,0.0,0.5,1.0,4.88147114409393e-18,0.0,0.5567725402888725,1.0,0.38781583333552794,1.0,0.02666126799371196,1.0,1.3538123725916756e-06,0.0,0.5987437785824192,0.0,0.8676484289027557,1.0,0.5,0.0,0.5,1.0,0.484403099185068,1.0,0.3255574609214236,0.0,0.5091297328226994,0.0,0.544371374754716,1.0,0.19611015363130452,0.0,0.5395186457448234,0.0,0.5,0.0,0.536734670015585,0.0,0.6853683317053074,0.0,0.8359496803807178,0.0,0.5,0.0,0.5,0.0,0.5082199624766537,1.0,0.05505194990996794,0.0,0.5,0.0,0.5,0.0,0.6460460839620064,0.0,0.5,0.0,0.5,1.0,0.0007987074101492995,0.0,0.5,0.0,0.5,0.0,0.4981114290030343,0.0,0.5,0.0,0.5807754744011084,0.0,0.5,1.0,0.005723559282797167,0.0,0.5,0.0,0.4945857160290332,0.0,0.3886204277449055,1.0,0.5,0.0,0.5875878080617473,0.0,0.4924859222112626,0.0,0.5,0.0,0.45831674226997043,0.0,0.5,0.0,0.5,0.0,0.5,0.0,0.2293854194187951,0.0,0.4734151672916277,0.0,0.5,1.0,0.5,0.0,0.5695363654878745,1.0,0.49915017820145874,0.0,0.5,0.0,0.5,1.0,0.0004728151135478131,1.0,0.5,0.0,0.5177234574001023,0.0,0.5,0.0,0.5,0.0,0.500012063572229,1.0,0.25418607002117366,1.0,0.0008873390218378535,0.0,0.49607178272576496,1.0,2.687525737137875e-12,1.0,3.530620218621677e-14,0.0,0.5613400377798733,0.0,0.5052996254640283,0.0,0.4787249771619492,0.0,0.5,0.0,0.5077969283938891,0.0,0.4891276341149024,1.0,0.45181615293340915,0.0,0.5,1.0,1.222548366500541e-20,0.0,0.5,0.0,0.5,0.0,0.4735123265422175,0.0,0.4387920004042279,1.0,0.05513997495792001,0.0,0.6935450194929541,1.0,8.419569923854004e-05,0.0,0.5,1.0,1.4990170416696562e-13,0.0,0.5,1.0,7.731936221928446e-05,0.0,0.6118454327615936,0.0,0.5,0.0,0.5,1.0,0.24353322994260568,1.0,1.0683794800442954e-08,0.0,0.5,0.0,0.5850439899206559,0.0,0.5,0.0,0.3936365055301343,0.0,0.5760375563906994,0.0,0.4939842057949151,0.0,0.5387845306788901,0.0,0.5,1.0,0.48473091666850887,0.0,0.5012513306574643,1.0,5.528897504252772e-07,0.0,0.5,0.0,0.5,0.0,0.5,0.0,0.6035775128255105,0.0,0.3063341417702621,1.0,3.366718469009163e-11,1.0,4.225927544929039e-10,1.0,0.05774829783721218,0.0,0.5,0.0,0.5,0.0,0.49249829894836583,0.0,0.5,0.0,0.4990784268785562,0.0,0.4781696722018501,0.0,0.5,1.0,0.00010696166997099663,0.0,0.4856178788294391,1.0,0.00013467406783778676,0.0,0.433690386584604,0.0,0.5,0.0,0.5,0.0,0.5,0.0,0.35416058708573306,0.0,0.47537711482508443,0.0,0.5,0.0,0.5714542114438828,0.0,0.5,0.0,0.5,0.0,0.5,1.0,1.4342766227228798e-07,0.0,0.5243787903870321,0.0,0.5,0.0,0.5,0.0,0.5148365350451214,0.0,0.5,1.0,0.451157726607584,0.0,0.5,0.0,0.5020824328834118,0.0,0.5,0.0,0.49255627255438766,0.0,0.5,0.0,0.3354808328413674,1.0,0.6724369682875981,0.0,0.5,0.0,0.5,1.0,2.836853275737135e-06,0.0,0.47603999506106254,0.0,0.725518529151661,0.0,0.46992816313041497,0.0,0.43083252458041144,0.0,0.568868874502481,1.0,0.37460485999804427,0.0,0.803928938699389,0.0,0.5,0.0,0.5068794380061397,0.0,0.5097479999415927,0.0,0.5,1.0,0.8322859039314641,0.0,0.5,1.0,0.5050747827773743,0.0,0.4789376212270435,0.0,0.5,0.0,0.6265304683729485,0.0,0.5,0.0,0.5,1.0,1.3878277017203188e-12,0.0,0.500397103889002,0.0,0.49955498311526886,0.0,0.443374550104513,0.0,0.5,0.0,0.6487192244126873,0.0,0.5,0.0,0.4788862884193782,0.0,0.8787554670340466
S-CPI_sqd,300,75.86558270454407,0.9543768685797918,1.0,1.5008787748527257e-15,0.0,1.0,1.0,1.7088787640900064e-25,1.0,4.201336404512695e-10,0.0,0.5,0.0,0.5,0.0,0.5,0.0,1.0546825827277544e-11,0.0,0.5,0.0,0.5,0.0,0.5,1.0,5.0685824978538455e-85,1.0,2.7182014689364036e-40,0.0,1.0,0.0,0.5,0.0,0.5,1.0,2.0045058797150824e-178,0.0,1.0,0.0,1.0,0.0,0.2608258579944529,1.0,1.0,0.0,0.999899122221449,0.0,0.5,0.0,0.5,1.0,9.781673656260282e-32,0.0,1.0,1.0,8.774919759341116e-85,1.0,3.5609443880264936e-76,1.0,2.09640967796491e-45,0.0,1.0,0.0,1.0,1.0,0.5,0.0,0.5,1.0,1.1428654519718246e-06,1.0,5.922583114056415e-68,0.0,1.0,0.0,1.0,1.0,2.376435893347054e-103,0.0,1.0,0.0,0.5,0.0,0.9999999999873465,0.0,1.0,0.0,1.0,0.0,0.5,0.0,0.5,0.0,0.6492412571199957,1.0,7.171465258743513e-38,0.0,0.5,0.0,0.5,0.0,1.0,0.0,0.5,0.0,0.5,1.0,1.143529416500167e-59,0.0,0.5,0.0,0.5,0.0,0.02774727114580378,0.0,0.5,0.0,1.0,0.0,0.5,1.0,3.7370992878877463e-06,0.0,0.5,0.0,0.7211883177804876,0.0,1.9428148963366443e-28,1.0,0.5,0.0,1.0,0.0,0.687353714990552,0.0,0.5,0.0,5.294714017018839e-07,0.0,0.5,0.0,0.5,0.0,0.5,0.0,7.5164986566271e-137,0.0,9.268486507558999e-20,0.0,0.5,1.0,0.5,0.0,0.9605152529902744,1.0,0.1970372558529166,0.0,0.5,0.0,0.5,1.0,5.942372429960927e-10,1.0,0.5,0.0,0.9444540774723397,0.0,0.5,0.0,0.5,0.0,0.43094631793370874,1.0,6.661163878858322e-19,1.0,2.9723307358715226e-24,0.0,0.2530329737039637,1.0,5.57355818616682e-49,1.0,4.848692969804817e-34,0.0,1.0,0.0,0.8191570908685093,0.0,1.6450100818166994e-06,0.0,0.5,0.0,0.9048355266730229,0.0,0.962185884944054,1.0,6.730166137601958e-37,0.0,0.5,1.0,3.4077310462882586e-117,0.0,0.5,0.0,0.5,0.0,2.690566209522377e-07,0.0,0.43527061795747474,1.0,5.184180841665101e-10,0.0,0.9524507578067853,1.0,2.2822810123221698e-52,0.0,0.5,1.0,3.713065906907657e-90,0.0,0.5,1.0,1.5658327316409661e-19,0.0,1.0,0.0,0.5,0.0,0.5,1.0,1.2552452572927134e-41,1.0,2.9515073174198476e-20,0.0,0.5,0.0,0.9999999999999619,0.0,0.5,0.0,4.328028454147979e-39,0.0,1.0,0.0,0.04605081089878601,0.0,1.0,0.0,0.5,1.0,0.9371058088659043,0.0,0.5908778197995861,1.0,5.973434009060047e-13,0.0,0.5,0.0,0.5,0.0,0.5,0.0,1.0,0.0,8.558098807245924e-283,1.0,1.3785861694394776e-14,1.0,7.386820035989361e-28,1.0,2.32224173275021e-18,0.0,0.5,0.0,0.5,0.0,0.6973949700356245,0.0,0.5,0.0,0.999563265577076,0.0,7.016404929087399e-06,0.0,0.5,1.0,2.707069776491541e-11,0.0,6.786990149379182e-06,1.0,8.471902568155507e-32,0.0,1.4309276984354624e-26,0.0,0.5,0.0,0.5,0.0,0.5,0.0,3.7103454600122184e-30,0.0,0.7900262532270552,0.0,0.5,0.0,0.9999997635698715,0.0,0.5,0.0,0.5,0.0,0.5,1.0,2.1076113068128705e-18,0.0,0.9984619308041467,0.0,0.5,0.0,0.5,0.0,0.9997812514260488,0.0,0.5,1.0,8.844369749478495e-08,0.0,0.5,0.0,0.661703481885216,0.0,0.5,0.0,0.001975663820172301,0.0,0.5,0.0,1.6077287112189131e-52,1.0,0.9940382811837557,0.0,0.5,0.0,0.5,1.0,1.097233630355256e-21,0.0,3.83182702764114e-15,0.0,1.0,0.0,0.9999999897373482,0.0,0.004676328365192858,0.0,0.9321446758821332,1.0,0.9865147157537179,0.0,1.0,0.0,0.5,0.0,0.999999999999993,0.0,2.5393388290344883e-12,0.0,0.5,1.0,0.016240028971733465,0.0,0.5,1.0,0.9818241302192723,0.0,0.00041845170878687335,0.0,0.5,0.0,1.0,0.0,0.5,0.0,0.5,1.0,2.4984978028249564e-66,0.0,0.5289537682560875,0.0,0.16316472429770096,0.0,4.137603265800787e-21,0.0,0.5,0.0,1.0,0.0,0.5,0.0,1.2168961426169799e-17,0.0,1.0
S-CPI2,300,80.26060223579407,0.9543768685797918,1.0,0.004616070931088784,0.0,0.9886394085206961,1.0,2.4023535758992106e-05,1.0,0.001916906597218982,0.0,0.9929349384247806,0.0,0.9929349384247806,0.0,0.9929349384247806,0.0,0.0305095421222649,0.0,0.9929349384247806,0.0,0.9929349384247806,0.0,0.9929349384247806,1.0,0.010877842010488564,1.0,0.08241642106559854,0.0,0.9946009882981165,0.0,0.9929349384247806,0.0,0.9929349384247806,1.0,2.704298642710649e-05,0.0,0.8079737653176238,0.0,0.9477919748239704,0.0,0.1001322810786549,1.0,0.7604389816602484,0.0,0.5620947454943431,0.0,0.9929349384247806,0.0,0.9929349384247806,1.0,9.17560088316574e-05,0.0,0.9179271054363141,1.0,0.15032129934051014,1.0,0.04109205110824414,1.0,0.0013355089607743414,0.0,0.8204818552043001,0.0,0.9522109991874521,1.0,0.9929349384247806,0.0,0.9929349384247806,1.0,0.11816642914747305,1.0,0.07989572215576624,0.0,0.5584791507570964,0.0,0.7696357352086743,1.0,0.14100353444607217,0.0,0.9953955085346219,0.0,0.9929349384247806,0.0,0.6061013567380347,0.0,0.9332381057269592,0.0,0.9203837455665962,0.0,0.9929349384247806,0.0,0.9929349384247806,0.0,0.7111312474894693,1.0,0.07918186047823644,0.0,0.9929349384247806,0.0,0.9929349384247806,0.0,0.9504801877734739,0.0,0.9929349384247806,0.0,0.9929349384247806,1.0,0.0130725859086066,0.0,0.9929349384247806,0.0,0.9929349384247806,0.0,0.3522958488739144,0.0,0.9929349384247806,0.0,0.8525822867368567,0.0,0.9929349384247806,1.0,0.09448293421051684,0.0,0.9929349384247806,0.0,0.6677271892811907,0.0,0.15363237226563475,1.0,0.9929349384247806,0.0,0.9864474384655617,0.0,0.5264948325342631,0.0,0.9929349384247806,0.0,0.3507205988876403,0.0,0.9929349384247806,0.0,0.9929349384247806,0.0,0.9929349384247806,0.0,0.037237130977569734,0.0,0.09996936662070355,0.0,0.9929349384247806,1.0,0.9929349384247806,0.0,0.5013533694297331,1.0,0.13016514381880095,0.0,0.9929349384247806,0.0,0.9929349384247806,1.0,0.021669477108390255,1.0,0.9929349384247806,0.0,0.7491672453590771,0.0,0.9929349384247806,0.0,0.9929349384247806,0.0,0.40545156297407065,1.0,0.14925915291327146,1.0,0.0462271625384901,0.0,0.19899549845810355,1.0,4.3962909078193577e-07,1.0,0.00010221231868486981,0.0,0.8375250145745973,0.0,0.6793589578165722,0.0,0.18131323040430952,0.0,0.9929349384247806,0.0,0.6887027868959745,0.0,0.4833888395447155,1.0,0.2093022512653176,0.0,0.9929349384247806,1.0,7.918565501554273e-07,0.0,0.9929349384247806,0.0,0.9929349384247806,0.0,0.3998313172293251,0.0,0.30842718340368835,1.0,0.1435554498430326,0.0,0.42029612068743066,1.0,0.00867836701752493,0.0,0.9929349384247806,1.0,3.3538635922318015e-05,0.0,0.9929349384247806,1.0,0.038615670795811595,0.0,0.8713085724528614,0.0,0.9929349384247806,0.0,0.9929349384247806,1.0,0.08478891968717583,1.0,3.181804022590387e-05,0.0,0.9929349384247806,0.0,0.688750246745439,0.0,0.9929349384247806,0.0,0.10768196603324415,0.0,0.9244248722925218,0.0,0.45357503106461544,0.0,0.9330295227998759,0.0,0.9929349384247806,1.0,0.5244132125373246,0.0,0.9297393278370782,1.0,1.3587955685305553e-05,0.0,0.9929349384247806,0.0,0.9929349384247806,0.0,0.9929349384247806,0.0,0.988445428325221,0.0,0.021918533582509343,1.0,0.0001605886835181299,1.0,0.0009034611308214971,1.0,0.18639981026604086,0.0,0.9929349384247806,0.0,0.9929349384247806,0.0,0.6253854417725757,0.0,0.9929349384247806,0.0,0.358236033382114,0.0,0.16165904319615776,0.0,0.9929349384247806,1.0,0.014522285709352909,0.0,0.37191132908822266,1.0,0.012007050101410474,0.0,0.19448693800796413,0.0,0.9929349384247806,0.0,0.9929349384247806,0.0,0.9929349384247806,0.0,0.23950370947720784,0.0,0.43025317396108753,0.0,0.9929349384247806,0.0,0.7384875897954719,0.0,0.9929349384247806,0.0,0.9929349384247806,0.0,0.9929349384247806,1.0,0.003235815264839097,0.0,0.7024839675766676,0.0,0.9929349384247806,0.0,0.9929349384247806,0.0,0.7193586246416072,0.0,0.9929349384247806,1.0,0.2974193913761663,0.0,0.9929349384247806,0.0,0.7497589123886036,0.0,0.9929349384247806,0.0,0.2869902690617637,0.0,0.9929349384247806,0.0,0.14258028582333487,1.0,0.7576959020430716,0.0,0.9929349384247806,0.0,0.9929349384247806,1.0,0.012862664885925603,0.0,0.3074266909626641,0.0,0.975487938225962,0.0,0.5056764227389363,0.0,0.26879443043265316,0.0,0.7346765986229454,1.0,0.48681404232817366,0.0,0.8113993404013451,0.0,0.9929349384247806,0.0,0.5409070631612466,0.0,0.5852152316263588,0.0,0.9929349384247806,1.0,0.6826550676479819,0.0,0.9929349384247806,1.0,0.7595305979917621,0.0,0.1438920167720948,0.0,0.9929349384247806,0.0,0.8752157739272703,0.0,0.9929349384247806,0.0,0.9929349384247806,1.0,0.00011922151554705019,0.0,0.8526968554682108,0.0,0.3728426715307599,0.0,0.1571728203409376,0.0,0.9929349384247806,0.0,0.8447791269359891,0.0,0.9929349384247806,0.0,0.17330320436857738,0.0,0.9835257727790971
S-CPI2_sqrt,300,80.48050093650818,0.9543768685797918,1.0,0.16600572809321906,0.0,0.5090385551722557,1.0,0.057653087175234395,1.0,0.13788611987435295,0.0,0.5000000000000031,0.0,0.5000000000000031,0.0,0.5000000000000031,0.0,0.4965444058737525,0.0,0.5000000000000031,0.0,0.5000000000000031,0.0,0.5000000000000031,1.0,0.39141973274261543,1.0,0.3942764948497966,0.0,0.5395982855000528,0.0,0.5000000000000031,0.0,0.5000000000000031,1.0,0.20254486659641802,0.0,0.5185357997740114,0.0,0.5130739699992852,0.0,0.4997071703562869,1.0,0.5168487610349602,0.0,0.5038101686871348,0.0,0.5000000000000031,0.0,0.5000000000000031,1.0,0.1193915429201034,0.0,0.5062644332571212,1.0,0.4853845652832667,1.0,0.4082901333789622,1.0,0.238317706735453,0.0,0.5128575318183248,0.0,0.5446539787443414,1.0,0.5000000000000031,0.0,0.5000000000000031,1.0,0.49777413158084655,1.0,0.483182886186836,0.0,0.5003894903568413,0.0,0.5065410789362167,1.0,0.4718239200901321,0.0,0.5038980099705568,0.0,0.5000000000000031,0.0,0.502765043130657,0.0,0.5195842439906225,0.0,0.5336131787205576,0.0,0.5000000000000031,0.0,0.5000000000000031,0.0,0.5009173016168869,1.0,0.43542500913032006,0.0,0.5000000000000031,0.0,0.5000000000000031,0.0,0.515330094852043,0.0,0.5000000000000031,0.0,0.5000000000000031,1.0,0.36088283996410647,0.0,0.5000000000000031,0.0,0.5000000000000031,0.0,0.49748227984315996,0.0,0.5000000000000031,0.0,0.507249132521351,0.0,0.5000000000000031,1.0,0.3639355895224854,0.0,0.5000000000000031,0.0,0.5027620019566424,0.0,0.49052569243760547,1.0,0.5000000000000031,0.0,0.5096966069265804,0.0,0.5003958022251852,0.0,0.5000000000000031,0.0,0.49667498904939383,0.0,0.5000000000000031,0.0,0.5000000000000031,0.0,0.5000000000000031,0.0,0.4547618179818179,0.0,0.49645720856296344,0.0,0.5000000000000031,1.0,0.5000000000000031,0.0,0.5041706098527844,1.0,0.49962312859582625,0.0,0.5000000000000031,0.0,0.5000000000000031,1.0,0.2805947151841983,1.0,0.5000000000000031,0.0,0.5014741603548262,0.0,0.5000000000000031,0.0,0.5000000000000031,0.0,0.49994869033407413,1.0,0.46716245850764876,1.0,0.3876637438628345,0.0,0.4996917299954429,1.0,0.038215195785658844,1.0,0.15777965001164662,0.0,0.5117067360300946,0.0,0.5008383502771915,0.0,0.49793061518860693,0.0,0.5000000000000031,0.0,0.5010946213868371,0.0,0.4999832632454919,1.0,0.4945883277273809,0.0,0.5000000000000031,1.0,0.12111991706976649,0.0,0.5000000000000031,0.0,0.5000000000000031,0.0,0.49927709793274755,0.0,0.49587006824851737,1.0,0.42237567711656043,0.0,0.5004884461426111,1.0,0.30433939189727643,0.0,0.5000000000000031,1.0,0.12724219508279716,0.0,0.5000000000000031,1.0,0.34607797634254023,0.0,0.5147385307273297,0.0,0.5000000000000031,0.0,0.5000000000000031,1.0,0.4772965969561066,1.0,0.056067724969336534,0.0,0.5000000000000031,0.0,0.5066436963106331,0.0,0.5000000000000031,0.0,0.48259498885670943,0.0,0.5085189096514681,0.0,0.4997099919654157,0.0,0.5041835941999053,0.0,0.5000000000000031,1.0,0.5011636749940516,0.0,0.5001454706807362,1.0,0.02826769553468144,0.0,0.5000000000000031,0.0,0.5000000000000031,0.0,0.5000000000000031,0.0,0.5116860060805617,0.0,0.4811997639945368,1.0,0.11944639786444317,1.0,0.14044943898828927,1.0,0.46347641395946154,0.0,0.5000000000000031,0.0,0.5000000000000031,0.0,0.5011054077342758,0.0,0.5000000000000031,0.0,0.49923937979998995,0.0,0.4977278269673557,0.0,0.5000000000000031,1.0,0.1787628118517109,0.0,0.49857491654999225,1.0,0.31141676239597316,0.0,0.4922100375346589,0.0,0.5000000000000031,0.0,0.5000000000000031,0.0,0.5000000000000031,0.0,0.4873465269523105,0.0,0.501827089015974,0.0,0.5000000000000031,0.0,0.5090675094090531,0.0,0.5000000000000031,0.0,0.5000000000000031,0.0,0.5000000000000031,1.0,0.16121001292466225,0.0,0.5014031616230586,0.0,0.5000000000000031,0.0,0.5000000000000031,0.0,0.50440382311148,0.0,0.5000000000000031,1.0,0.4824419481202762,0.0,0.5000000000000031,0.0,0.5002186651894474,0.0,0.5000000000000031,0.0,0.49868790565099574,0.0,0.5000000000000031,0.0,0.4725285059283947,1.0,0.5128270818769465,0.0,0.5000000000000031,0.0,0.5000000000000031,1.0,0.27397001675186905,0.0,0.49739623161400864,0.0,0.5247311179945643,0.0,0.5006174939013511,0.0,0.49391006797033243,0.0,0.5089460865435886,1.0,0.5021594705193106,0.0,0.533240872252745,0.0,0.5000000000000031,0.0,0.5054212564960381,0.0,0.4995178074570727,0.0,0.5000000000000031,1.0,0.5297153912400576,0.0,0.5000000000000031,1.0,0.5005805169884833,0.0,0.49796148529799145,0.0,0.5000000000000031,0.0,0.5148622480226659,0.0,0.5000000000000031,0.0,0.5000000000000031,1.0,0.13893570612074002,0.0,0.5000365370255284,0.0,0.4993281595034177,0.0,0.49379023249150045,0.0,0.5000000000000031,0.0,0.5140242772001149,0.0,0.5000000000000031,0.0,0.49677437182908435,0.0,0.5524121632953148
S-CPI2_n,300,80.33253335952759,0.9543768685797918,1.0,0.015183583500574657,0.0,0.5754736867916895,1.0,0.0002972035544694897,1.0,0.009393201491640153,0.0,0.5000000000000295,0.0,0.5000000000000295,0.0,0.5000000000000295,0.0,0.46558297069853816,0.0,0.5000000000000295,0.0,0.5000000000000295,0.0,0.5000000000000295,1.0,0.08341152145251007,1.0,0.1804887165510523,0.0,0.7625877936874048,0.0,0.5000000000000295,0.0,0.5000000000000295,1.0,0.0014850438302272373,0.0,0.6281833948433337,0.0,0.6048559043361591,0.0,0.497019977149685,1.0,0.6217219320798771,0.0,0.5258484816549502,0.0,0.5000000000000295,0.0,0.5000000000000295,1.0,0.0008144946105901248,0.0,0.5579935391962586,1.0,0.4052090684694342,1.0,0.16116919905601068,1.0,0.013641233843037637,0.0,0.5932159114313786,0.0,0.7540983881809995,1.0,0.5000000000000295,0.0,0.5000000000000295,1.0,0.4833043474961654,1.0,0.3593342299636896,0.0,0.4994172274469302,0.0,0.5554009675055571,1.0,0.3139752849752855,0.0,0.5357056167073093,0.0,0.5000000000000295,0.0,0.5263318179833717,0.0,0.6434495722121079,0.0,0.6918257204449327,0.0,0.5000000000000295,0.0,0.5000000000000295,0.0,0.5081786408014969,1.0,0.22826544373811303,0.0,0.5000000000000295,0.0,0.5000000000000295,0.0,0.6191728167480934,0.0,0.5000000000000295,0.0,0.5000000000000295,1.0,0.09127963378820231,0.0,0.5000000000000295,0.0,0.5000000000000295,0.0,0.489765032933639,0.0,0.5000000000000295,0.0,0.5673271642969991,0.0,0.5000000000000295,1.0,0.13540295816109166,0.0,0.5000000000000295,0.0,0.5236816492896423,0.0,0.43675572686997577,1.0,0.5000000000000295,0.0,0.5824483802967279,0.0,0.5040409389967339,0.0,0.5000000000000295,0.0,0.46323548714975404,0.0,0.5000000000000295,0.0,0.5000000000000295,0.0,0.5000000000000295,0.0,0.26344693909109074,0.0,0.4647297978299024,0.0,0.5000000000000295,1.0,0.5000000000000295,0.0,0.5421379699413438,1.0,0.496766350465966,0.0,0.5000000000000295,0.0,0.5000000000000295,1.0,0.046529732016504614,1.0,0.5000000000000295,0.0,0.5168431421918764,0.0,0.5000000000000295,0.0,0.5000000000000295,0.0,0.4992533263520609,1.0,0.3230763314998373,1.0,0.1273513341929421,0.0,0.4956274575260537,1.0,1.9177460747466316e-05,1.0,0.001203583799898949,0.0,0.5868842057733764,0.0,0.5052539804472844,0.0,0.4851505981393847,0.0,0.5000000000000295,0.0,0.5093801099665999,0.0,0.4763723112598235,1.0,0.44616813798707766,0.0,0.5000000000000295,1.0,0.00013605656476468463,0.0,0.5000000000000295,0.0,0.5000000000000295,0.0,0.486513075900749,0.0,0.4672678526666907,1.0,0.30275071056319325,0.0,0.4782181858114334,1.0,0.048201735489995484,0.0,0.5000000000000295,1.0,0.0006748955961352049,0.0,0.5000000000000295,1.0,0.1051682525926288,0.0,0.60265025063653,0.0,0.5000000000000295,0.0,0.5000000000000295,1.0,0.3531542093623423,1.0,0.0002118092413553091,0.0,0.5000000000000295,0.0,0.5706429644622646,0.0,0.5000000000000295,0.0,0.3558806081055321,0.0,0.5650052532602304,0.0,0.4985331586785579,0.0,0.5359864500865398,0.0,0.5000000000000295,1.0,0.5026968465947286,0.0,0.5014372907265955,1.0,0.0001334153133767601,0.0,0.5000000000000295,0.0,0.5000000000000295,0.0,0.5000000000000295,0.0,0.6121800046083926,0.0,0.3501940007489638,1.0,0.0018690675151061718,1.0,0.004032464577163505,1.0,0.2927657748020297,0.0,0.5000000000000295,0.0,0.5000000000000295,0.0,0.510146692716518,0.0,0.5000000000000295,0.0,0.4988945922478809,0.0,0.47953495767595494,0.0,0.5000000000000295,1.0,0.024664740797925824,0.0,0.4870144412891985,1.0,0.04567338880026586,0.0,0.4490684279675896,0.0,0.5000000000000295,0.0,0.5000000000000295,0.0,0.5000000000000295,0.0,0.40323471028000973,0.0,0.489464449756916,0.0,0.5000000000000295,0.0,0.545717022849009,0.0,0.5000000000000295,0.0,0.5000000000000295,0.0,0.5000000000000295,1.0,0.013197226966678511,0.0,0.5159595937664287,0.0,0.5000000000000295,0.0,0.5000000000000295,0.0,0.541194815216603,0.0,0.5000000000000295,1.0,0.36928111140471787,0.0,0.5000000000000295,0.0,0.5017125653055035,0.0,0.5000000000000295,0.0,0.488735071507337,0.0,0.5000000000000295,0.0,0.3655169596911871,1.0,0.5978434919487837,0.0,0.5000000000000295,0.0,0.5000000000000295,1.0,0.0396073263894531,0.0,0.4630460319099125,0.0,0.6733284192582082,0.0,0.49992801621273036,0.0,0.452383223466026,0.0,0.55447699891351,1.0,0.5202059396209523,0.0,0.6906084150576125,0.0,0.5000000000000295,0.0,0.5229124782354638,0.0,0.5039636866376049,0.0,0.5000000000000295,1.0,0.5900551816341547,0.0,0.5000000000000295,1.0,0.5058199021085131,0.0,0.4817026149378174,0.0,0.5000000000000295,0.0,0.6132067204588938,0.0,0.5000000000000295,0.0,0.5000000000000295,1.0,0.0017128311615052648,0.0,0.5003448571018115,0.0,0.49373697573847075,0.0,0.4501317338403872,0.0,0.5000000000000295,0.0,0.5839689326051891,0.0,0.5000000000000295,0.0,0.4668317850226304,0.0,0.7842479288378842
S-CPI2_bt,300,81.10335803031921,0.9543768685797918,1.0,2.7573116453248766e-06,0.0,0.5783389972684172,1.0,1.4637050822759677e-10,1.0,2.2243527070077147e-06,0.0,0.5000000000000295,0.0,0.5000000000000295,0.0,0.5000000000000295,0.0,0.4648309688037736,0.0,0.5000000000000295,0.0,0.5000000000000295,0.0,0.5000000000000295,1.0,0.0014362152500241848,1.0,0.008724707688436579,0.0,0.8393091752573829,0.0,0.5000000000000295,0.0,0.5000000000000295,1.0,1.48406542740701e-12,0.0,0.674445611561328,0.0,0.6349146847167723,0.0,0.4970877807522691,1.0,0.6632600238447883,0.0,0.45702479566066384,0.0,0.5000000000000295,0.0,0.5000000000000295,1.0,6.588435307851996e-15,0.0,0.5666508566664094,1.0,0.36701848576696205,1.0,0.015645396730447347,1.0,2.4548689524959498e-11,0.0,0.6368378409446617,0.0,0.8639719318897279,1.0,0.5000000000000295,0.0,0.5000000000000295,1.0,0.47612101670042994,1.0,0.33982797891408545,0.0,0.505101797508187,0.0,0.5501618792610912,1.0,0.2384643961682193,0.0,0.5353376085116892,0.0,0.5000000000000295,0.0,0.5283205393723382,0.0,0.6813924904108734,0.0,0.7993253950433357,0.0,0.5000000000000295,0.0,0.5000000000000295,0.0,0.5090190530664037,1.0,0.058313454002123524,0.0,0.5000000000000295,0.0,0.5000000000000295,0.0,0.6412604896167095,0.0,0.5000000000000295,0.0,0.5000000000000295,1.0,0.0005572471335684978,0.0,0.5000000000000295,0.0,0.5000000000000295,0.0,0.48357560777421693,0.0,0.5000000000000295,0.0,0.573080744497843,0.0,0.5000000000000295,1.0,0.011994975971689689,0.0,0.5000000000000295,0.0,0.527703976358932,0.0,0.38822500328925885,1.0,0.5000000000000295,0.0,0.5971840267745727,0.0,0.5073116334940238,0.0,0.5000000000000295,0.0,0.4676455924713552,0.0,0.5000000000000295,0.0,0.5000000000000295,0.0,0.5000000000000295,0.0,0.14228847979768744,0.0,0.46415880217479233,0.0,0.5000000000000295,1.0,0.5000000000000295,0.0,0.5227414337872774,1.0,0.4966467206954321,0.0,0.5000000000000295,0.0,0.5000000000000295,1.0,7.621003255401427e-05,1.0,0.5000000000000295,0.0,0.5169630728802221,0.0,0.5000000000000295,0.0,0.5000000000000295,0.0,0.499365933456576,1.0,0.23483167589095832,1.0,0.0029390844967488883,0.0,0.4964751256214378,1.0,1.5928911633137413e-19,1.0,1.8092883805616184e-12,0.0,0.6048311277175645,0.0,0.5048143156842517,0.0,0.47672322082197205,0.0,0.5000000000000295,0.0,0.5140585276557506,0.0,0.45989627177187714,1.0,0.44600872600951663,0.0,0.5000000000000295,1.0,4.1541303971845115e-19,0.0,0.5000000000000295,0.0,0.5000000000000295,0.0,0.49251887014990986,0.0,0.4626980050723326,1.0,0.0603776564318476,0.0,0.5216714213741324,1.0,8.370230914453248e-06,0.0,0.5000000000000295,1.0,3.862259193576063e-12,0.0,0.5000000000000295,1.0,0.004482990020051906,0.0,0.6432315362412482,0.0,0.5000000000000295,0.0,0.5000000000000295,1.0,0.2958307420034685,1.0,3.2122591159038163e-13,0.0,0.5000000000000295,0.0,0.590458383451675,0.0,0.5000000000000295,0.0,0.29324441038095594,0.0,0.5946013228330672,0.0,0.49842228697047697,0.0,0.5380964979168681,0.0,0.5000000000000295,1.0,0.5192480754725467,0.0,0.5013938513036206,1.0,2.2206274686499024e-09,0.0,0.5000000000000295,0.0,0.5000000000000295,0.0,0.5000000000000295,0.0,0.6278487453443244,0.0,0.2982371596362029,1.0,3.2810668175282508e-09,1.0,4.787879331916726e-14,1.0,0.15693498255453897,0.0,0.5000000000000295,0.0,0.5000000000000295,0.0,0.5044015349951589,0.0,0.5000000000000295,0.0,0.4959851936222464,0.0,0.48042381666382955,0.0,0.5000000000000295,1.0,0.0007641241177712205,0.0,0.4977632414178817,1.0,0.0008993527427862316,0.0,0.4165735208871487,0.0,0.5000000000000295,0.0,0.5000000000000295,0.0,0.5000000000000295,0.0,0.39938225869213,0.0,0.4946955802399468,0.0,0.5000000000000295,0.0,0.6090762311757371,0.0,0.5000000000000295,0.0,0.5000000000000295,0.0,0.5000000000000295,1.0,3.0700463367215766e-05,0.0,0.5160673375946484,0.0,0.5000000000000295,0.0,0.5000000000000295,0.0,0.5565658917124368,0.0,0.5000000000000295,1.0,0.33157333698864144,0.0,0.5000000000000295,0.0,0.5016543089214498,0.0,0.5000000000000295,0.0,0.4850709012493846,0.0,0.5000000000000295,0.0,0.2666765965707843,1.0,0.6553572850326039,0.0,0.5000000000000295,0.0,0.5000000000000295,1.0,4.297420050985021e-06,0.0,0.46088200811180574,0.0,0.7221116199606493,0.0,0.5024121258922875,0.0,0.43079255448676124,0.0,0.5851416182263244,1.0,0.37151730300635477,0.0,0.8014192080213458,0.0,0.5000000000000295,0.0,0.533441417380986,0.0,0.5107931490069081,0.0,0.5000000000000295,1.0,0.6140378481965734,0.0,0.5000000000000295,1.0,0.5068837058923107,0.0,0.480131240462208,0.0,0.5000000000000295,0.0,0.6324056706354152,0.0,0.5000000000000295,0.0,0.5000000000000295,1.0,1.9363499856024063e-08,0.0,0.500273562200397,0.0,0.4925984127827694,0.0,0.44299567892152963,0.0,0.5000000000000295,0.0,0.6238168802922874,0.0,0.5000000000000295,0.0,0.4683685593745926,0.0,0.9001957020687656
S-CPI2_sqd,300,81.05999612808228,0.9543768685797918,1.0,6.404185865589637e-12,0.0,1.0,1.0,2.264450284857129e-23,1.0,7.557882572805756e-11,0.0,0.5000000000026548,0.0,0.5000000000026548,0.0,0.5000000000026548,0.0,5.159739752435435e-16,0.0,0.5000000000026548,0.0,0.5000000000026548,0.0,0.5000000000026548,1.0,1.6794716680468938e-71,1.0,2.363355760619327e-22,0.0,1.0,0.0,0.5000000000026548,0.0,0.5000000000026548,1.0,5.310281828061581e-267,0.0,1.0,0.0,1.0,0.0,0.2556155486578088,1.0,1.0,0.0,0.9993890590601541,0.0,0.5000000000026548,0.0,0.5000000000026548,1.0,6.92532264176123e-25,0.0,1.0,1.0,1.320070358661243e-63,1.0,1.0473671960065278e-29,1.0,2.773500018425664e-44,0.0,1.0,0.0,1.0,1.0,0.5000000000026548,0.0,0.5000000000026548,1.0,1.6237666389824964e-07,1.0,7.22145642424845e-93,0.0,0.9988740411674827,0.0,1.0,1.0,4.033232084637852e-41,0.0,0.9999999999998892,0.0,0.5000000000026548,0.0,0.9956642804110026,0.0,1.0,0.0,1.0,0.0,0.5000000000026548,0.0,0.5000000000026548,0.0,0.9974012178738605,1.0,3.627989698167241e-36,0.0,0.5000000000026548,0.0,0.5000000000026548,0.0,1.0,0.0,0.5000000000026548,0.0,0.5000000000026548,1.0,1.236615542681634e-56,0.0,0.5000000000026548,0.0,0.5000000000026548,0.0,0.00025487097695623496,0.0,0.5000000000026548,0.0,1.0,0.0,0.5000000000026548,1.0,5.141885559762365e-13,0.0,0.5000000000026548,0.0,0.9999741244756679,0.0,6.765443832594721e-46,1.0,0.5000000000026548,0.0,1.0,0.0,0.8764856525439408,0.0,0.5000000000026548,0.0,6.488096979103488e-07,0.0,0.5000000000026548,0.0,0.5000000000026548,0.0,0.5000000000026548,0.0,3.648238260922137e-167,0.0,4.290452988052669e-14,0.0,0.5000000000026548,1.0,0.5000000000026548,0.0,0.0004133668487738471,1.0,0.28548899415376183,0.0,0.5000000000026548,0.0,0.5000000000026548,1.0,1.1106523537951624e-09,1.0,0.5000000000026548,0.0,0.9999455617597836,0.0,0.5000000000026548,0.0,0.5000000000026548,0.0,0.43658761743864954,1.0,8.40346483517893e-50,1.0,4.97373097751494e-22,0.0,0.24814463555868643,1.0,7.199250370650643e-23,1.0,7.820453626323467e-87,0.0,1.0,0.0,0.9124722665206413,0.0,3.204206213221929e-05,0.0,0.5000000000026548,0.0,0.9932325804802121,0.0,0.5523390493809867,1.0,1.8837110448059456e-40,0.0,0.5000000000026548,1.0,7.078748005547053e-73,0.0,0.5000000000026548,0.0,0.5000000000026548,0.0,0.8054490687986613,0.0,4.413587504175897e-12,1.0,6.002856314873587e-05,0.0,0.5741057740512094,1.0,9.606385156657137e-37,0.0,0.5000000000026548,1.0,2.3084742331424373e-36,0.0,0.5000000000026548,1.0,7.959294485765782e-42,0.0,1.0,0.0,0.5000000000026548,0.0,0.5000000000026548,1.0,4.985163149013096e-148,1.0,2.7667447983464023e-20,0.0,0.5000000000026548,0.0,1.0,0.0,0.5000000000026548,0.0,8.384282148231273e-67,0.0,1.0,0.0,0.6465486969935528,0.0,1.0,0.0,0.5000000000026548,1.0,0.1395973393911148,0.0,0.6285090174275554,1.0,3.7821784795476115e-13,0.0,0.5000000000026548,0.0,0.5000000000026548,0.0,0.5000000000026548,0.0,1.0,0.0,1.1769572565897283e-246,1.0,1.4742414237247908e-18,1.0,2.224280511096599e-17,1.0,4.141963636800857e-31,0.0,0.5000000000026548,0.0,0.5000000000026548,0.0,0.9979973726082554,0.0,0.5000000000026548,0.0,0.3769645521375376,0.0,1.2680009879084124e-06,0.0,0.5000000000026548,1.0,4.0254610936404376e-05,0.0,0.0003206288296894954,1.0,6.493257959455022e-35,0.0,1.1992295521584344e-41,0.0,0.5000000000026548,0.0,0.5000000000026548,0.0,0.5000000000026548,0.0,2.4607580491785385e-48,0.0,0.07949979016198433,0.0,0.5000000000026548,0.0,0.9999999999981378,0.0,0.5000000000026548,0.0,0.5000000000026548,0.0,0.5000000000026548,1.0,1.848498432325748e-10,0.0,0.9959984864377441,0.0,0.5000000000026548,0.0,0.5000000000026548,0.0,1.0,0.0,0.5000000000026548,1.0,1.9844289359697143e-13,0.0,0.5000000000026548,0.0,0.6918130815920494,0.0,0.5000000000026548,0.0,1.1276143690316564e-05,0.0,0.5000000000026548,0.0,5.267995562682564e-33,1.0,0.9999999936598203,0.0,0.5000000000026548,0.0,0.5000000000026548,1.0,1.5415737850071543e-29,0.0,3.420861216441675e-06,0.0,1.0,0.0,7.661667296426053e-08,0.0,1.2956529023903745e-23,0.0,1.0,1.0,0.32399548617240514,0.0,1.0,0.0,0.5000000000026548,0.0,0.9645708549543229,0.0,0.636887377400435,0.0,0.5000000000026548,1.0,0.9305917136548368,0.0,0.5000000000026548,1.0,0.8902009337812713,0.0,5.243590924840784e-06,0.0,0.5000000000026548,0.0,1.0,0.0,0.5000000000026548,0.0,0.5000000000026548,1.0,2.187625720515777e-28,0.0,0.5271256897004134,0.0,0.24523908346405038,0.0,1.2062771923814296e-26,0.0,0.5000000000026548,0.0,1.0,0.0,0.5000000000026548,0.0,4.907316143439163e-10,0.0,1.0
LOCO,300,57.41549754142761,0.9543768685797918,1.0,9.606481112207547e-06,0.0,0.9612666038138525,1.0,4.1660335440011614e-08,1.0,2.1851810005932928e-06,0.0,0.7753719241964339,0.0,0.9992226507392354,0.0,0.9989912018940228,0.0,0.051007031447909475,0.0,0.0012298104284770089,0.0,0.9450651742295534,0.0,8.99130527655127e-06,1.0,1.809851756285166e-05,1.0,5.205134315656278e-08,0.0,0.9998808309152916,0.0,0.6169525098972862,0.0,0.10073106721156161,1.0,0.0010151170765514603,0.0,0.7591864747122672,0.0,0.9420681316597272,0.0,0.49472136866933436,1.0,0.3047597530268108,0.0,0.09843183373284758,0.0,0.910849038632381,0.0,2.8351351623290174e-05,1.0,4.8497237094932204e-08,0.0,0.605242743731987,1.0,0.05813226131325452,1.0,7.64731489418008e-06,1.0,0.02892018809348965,0.0,0.4430366677260772,0.0,0.9405039918017132,1.0,0.0023384505427314914,0.0,0.9953020799267285,1.0,0.04170674738626138,1.0,0.023422111529120528,0.0,0.379550833576019,0.0,0.7635844912108349,1.0,0.0026957415004330975,0.0,0.9586632630682956,0.0,0.15214159995495674,0.0,0.9420307273183683,0.0,0.9711977283652458,0.0,0.7446846951686482,0.0,0.0021032752587602653,0.0,0.0032322366513575338,0.0,0.3439654436219772,1.0,0.5836402818915873,0.0,0.00578416887727391,0.0,0.009013342478055818,0.0,0.7852689822660779,0.0,0.9990935558978293,0.0,0.9993267524995475,1.0,9.829676144337218e-05,0.0,0.7689750407289209,0.0,2.637977191438389e-05,0.0,0.0017001288044134998,0.0,4.579571831071249e-05,0.0,0.8055833162558761,0.0,0.11107964935457709,1.0,5.701442980216154e-05,0.0,0.0038621403186473407,0.0,0.5724612697870266,0.0,0.001794847224008375,1.0,0.9999370152909837,0.0,0.9238702833368915,0.0,0.01117737954796115,0.0,0.004268093680474784,0.0,0.8435692714502394,0.0,0.011614567743311429,0.0,3.1440749414427925e-05,0.0,0.04785396193163672,0.0,0.06823015622306787,0.0,0.117362154227874,0.0,0.9963735112522891,1.0,0.00015141088269883914,0.0,0.028848724051438308,1.0,0.192513670531074,0.0,0.9998088632100512,0.0,0.9593366290015856,1.0,5.211810745603529e-07,1.0,0.11109789861431912,0.0,0.8210346807821794,0.0,0.06868135019731689,0.0,0.014481299283230652,0.0,0.8320863342205609,1.0,0.03982831234503696,1.0,6.12391336820425e-06,0.0,0.3117693049458132,1.0,7.233202991604667e-10,1.0,7.2281793690558065e-09,0.0,0.5160382104447601,0.0,0.8952188305676325,0.0,0.010264387149012347,0.0,0.9991603414216538,0.0,0.6782183613445842,0.0,0.8203724116327189,1.0,0.002279416415585534,0.0,0.013334329057886724,1.0,5.187331627537183e-11,0.0,0.011198096606512607,0.0,0.9123043662835018,0.0,0.6252646938036924,0.0,0.18632118723386853,1.0,0.000258497526451268,0.0,0.8557483581561046,1.0,2.003758483434016e-05,0.0,0.03390035831749369,1.0,1.5509084241780795e-09,0.0,0.9982185711339892,1.0,2.106910475437068e-06,0.0,0.9917565949814453,0.0,0.00011810451990175275,0.0,0.9455684552659687,1.0,0.08687168407094198,1.0,1.1471153282865817e-07,0.0,0.000550042308862073,0.0,0.24799296582152652,0.0,0.8081642101183295,0.0,0.9054136230719523,0.0,0.5669948690546658,0.0,0.9346365785351565,0.0,0.36400543178185585,0.0,0.03749750091347215,1.0,0.1604866514501962,0.0,0.9857866020136247,1.0,4.646379283469493e-11,0.0,0.005566530656264927,0.0,0.00041137784140746973,0.0,0.1204301194188418,0.0,0.8827662485266281,0.0,0.14879121610938506,1.0,1.2522123906317404e-05,1.0,1.5579707469036583e-06,1.0,0.002986104362729523,0.0,0.13883185794088626,0.0,0.0001608540902948147,0.0,0.9765874832951985,0.0,0.15484730120284074,0.0,0.6296971197672985,0.0,0.6400222749411127,0.0,0.9997085911156105,1.0,0.0030333761850615056,0.0,0.2352533234749421,1.0,6.788847943487108e-06,0.0,0.854731558150295,0.0,0.208465237264791,0.0,0.005633833257700208,0.0,0.2709465573546218,0.0,0.3358539255045371,0.0,0.15221515063432256,0.0,0.17662189356019403,0.0,0.5994569066377596,0.0,0.0017903620858907034,0.0,0.9969354329246928,0.0,1.7604293368454607e-05,1.0,0.0014593856061229618,0.0,0.9594370918720855,0.0,0.9980252158366898,0.0,0.43421500447546046,0.0,0.1044338106252905,0.0,0.00812894621348856,1.0,0.05617193815300788,0.0,0.9996773705944322,0.0,0.25517614623159834,0.0,0.9977724058494429,0.0,0.6260491279323673,0.0,0.9967522595016828,0.0,0.4058071109686441,1.0,0.28913596206109315,0.0,0.9999858073083169,0.0,0.0059430057965819275,1.0,0.0009686994394865418,0.0,0.9098571205263337,0.0,0.9834716245850734,0.0,0.5621578554253467,0.0,0.4399329847306058,0.0,0.783173460237301,1.0,0.11708424812384427,0.0,0.8378721174932557,0.0,0.7880987183134094,0.0,0.42851722446252216,0.0,0.9549412109140955,0.0,0.9983705438640108,1.0,0.16653148243248828,0.0,0.9982996378459377,1.0,0.8190522823075854,0.0,0.1806040073884448,0.0,0.9902430202502984,0.0,0.9243180083948928,0.0,8.815251516783274e-05,0.0,0.26139640045563295,1.0,5.285250473869575e-06,0.0,0.0002499015337990159,0.0,0.3393720004864158,0.0,0.000578198187481205,0.0,0.0010056984227972058,0.0,0.2953336396374909,0.0,0.8096409658487556,0.0,0.29249376840865526,0.0,0.6703028380150481
LOCO_sqrt,300,57.379404067993164,0.9543768685797918,1.0,0.018342437437620086,0.0,0.5091814757381438,1.0,0.0026974958305650085,1.0,0.006935585211655586,0.0,0.5000201134517543,0.0,0.5001891232465436,0.0,0.500026391658235,0.0,0.49409890030333514,0.0,0.4999842542692396,0.0,0.5000380881807732,0.0,0.4998223724901915,1.0,0.15098905035200916,1.0,0.09392239727188151,0.0,0.6068030815429992,0.0,0.5000039067856814,0.0,0.4999917486808086,1.0,0.1896032562241105,0.0,0.516929437940852,0.0,0.5184597191405561,0.0,0.4999956989383683,1.0,0.4805125845337022,0.0,0.45337611199487343,0.0,0.5000205340837756,0.0,0.49971803987162106,1.0,0.011799187540471951,0.0,0.5016269598511891,1.0,0.47350342352280245,1.0,0.21875818828577487,1.0,0.2842745431901317,0.0,0.4971441713855517,0.0,0.570497164293087,1.0,0.4999467048266888,0.0,0.5000015942883326,1.0,0.49536353332047106,1.0,0.459655151071719,0.0,0.4971306098763799,0.0,0.5085679866715294,1.0,0.37952222530427626,0.0,0.5037319734496573,0.0,0.4999727477982519,0.0,0.5184276078669166,0.0,0.5366425877554357,0.0,0.5227123277226026,0.0,0.4999463380155232,0.0,0.4999263376550767,0.0,0.49872846115552266,1.0,0.5122325604953788,0.0,0.4996688694522049,0.0,0.4998561516622163,0.0,0.5119632497962249,0.0,0.5000429953712491,0.0,0.5000705689497363,1.0,0.1403507077588867,0.0,0.5000807545022299,0.0,0.49994888836777424,0.0,0.46464610780797777,0.0,0.4997155513626168,0.0,0.5102067586506985,0.0,0.4996198865456791,1.0,0.07235921237582439,0.0,0.4999138622387909,0.0,0.5017382677929872,0.0,0.45054461043319827,1.0,0.5000296628193945,0.0,0.5110233500681062,0.0,0.48785476695545055,0.0,0.499900018513065,0.0,0.5213001575970609,0.0,0.49974831176635925,0.0,0.49974875118796797,0.0,0.4999890621476788,0.0,0.4452600898152423,0.0,0.49412225397167525,0.0,0.5000116150253364,1.0,0.4999921878454683,0.0,0.43581052622466526,1.0,0.4994845023371302,0.0,0.5000199852976752,0.0,0.500219116601772,1.0,0.010712694729778358,1.0,0.4999639323934294,0.0,0.5050935570483559,0.0,0.49998509647222683,0.0,0.4998824863869005,0.0,0.5002602718922089,1.0,0.41318671017997094,1.0,0.16155380951718717,0.0,0.49962818494378225,1.0,0.0014135627892572825,1.0,0.026592731752986102,0.0,0.5007476577437101,0.0,0.5021520707012674,0.0,0.4915076579947859,0.0,0.5000870787483473,0.0,0.5014446729247788,0.0,0.5244128028708317,1.0,0.4567958293700095,0.0,0.4999432050600133,1.0,0.007360104739920691,0.0,0.4999650069533724,0.0,0.5000185921578351,0.0,0.5034962182759448,0.0,0.4894948290269098,1.0,0.19127378408312617,0.0,0.5450468556950301,1.0,0.11935895540395441,0.0,0.49982766772960346,1.0,0.004342841619740607,0.0,0.5004170306426123,1.0,0.08372887094115622,0.0,0.5508366817449881,0.0,0.4999675122792965,0.0,0.5000015910391654,1.0,0.45837028605715385,1.0,0.004037753582055289,0.0,0.4996834669295605,0.0,0.4868551641350812,0.0,0.50000726447832,0.0,0.5407558021197298,0.0,0.5018788686118657,0.0,0.50332650230336,0.0,0.49829180112589677,0.0,0.4999722672484341,1.0,0.48341986233383005,0.0,0.5004899936408835,1.0,8.597131440394428e-05,0.0,0.4997129204093898,0.0,0.4999775972542239,0.0,0.4999914191263284,0.0,0.511858231998223,0.0,0.48401438540474556,1.0,0.009269635363052326,1.0,0.02785764513670515,1.0,0.3456289704678088,0.0,0.49999872487197383,0.0,0.4999165354544401,0.0,0.5145748478871194,0.0,0.49998977619016477,0.0,0.5014527948234646,0.0,0.5013619600535391,0.0,0.5009789450071634,1.0,0.08068177353849898,0.0,0.4954374443270505,1.0,0.06302798767835895,0.0,0.5167863607802263,0.0,0.4997843317337247,0.0,0.49999061077315043,0.0,0.49999652375011705,0.0,0.49029764972570655,0.0,0.4862919031464037,0.0,0.4999968008217934,0.0,0.5073028723413866,0.0,0.49999448429605303,0.0,0.5000383989481594,0.0,0.4997945902928543,1.0,0.07656641558697923,0.0,0.5080304352326093,0.0,0.5003497129502283,0.0,0.49999948896560853,0.0,0.485997717217923,0.0,0.4999898950238766,1.0,0.41751615666047226,0.0,0.5000174070728327,0.0,0.4996905962427313,0.0,0.5001843121072502,0.0,0.5024292352076739,0.0,0.5000553966603072,0.0,0.4900827674926938,1.0,0.4758936981777627,0.0,0.5001736875793137,0.0,0.4999166739608559,1.0,0.1393991891337048,0.0,0.5137372359142118,0.0,0.5446387137019069,0.0,0.5025998653408139,0.0,0.49754508228298017,0.0,0.5156596879580453,1.0,0.38980640459469623,0.0,0.5450490906497751,0.0,0.500001315196225,0.0,0.4933344370546083,0.0,0.5219651535061225,0.0,0.5002442519610633,1.0,0.41521043934901497,0.0,0.5000257547365679,1.0,0.5013235775370842,0.0,0.4977918092158014,0.0,0.5000173056723383,0.0,0.5287664723006562,0.0,0.499519194075935,0.0,0.499995797546415,1.0,0.03564559184768282,0.0,0.4995410120051269,0.0,0.49903490984384635,0.0,0.47485393440974216,0.0,0.49994690215396775,0.0,0.48810222252707536,0.0,0.5000011324193788,0.0,0.49648930437180633,0.0,0.514642160680248
LOCO_n,300,57.355491161346436,0.9543768685797918,1.0,5.9167254444019115e-05,0.0,0.5779308559765325,1.0,5.223802957631307e-07,1.0,1.2853384736502746e-05,0.0,0.5001907051086977,0.0,0.5017918963436014,0.0,0.5002503277192119,0.0,0.4481538073014714,0.0,0.4998506394067307,0.0,0.5003611531280215,0.0,0.4983163659055028,1.0,0.0008513282793156684,1.0,2.8031855366303086e-05,0.0,0.9430841319149135,0.0,0.5000370526716048,0.0,0.4999217318686481,1.0,0.00733668139681916,0.0,0.6050136862367966,0.0,0.6373363185502561,0.0,0.49995947676178254,1.0,0.3990335537848261,0.0,0.265095232250086,0.0,0.5001947402149783,0.0,0.49732909030715805,1.0,1.538847680673438e-06,0.0,0.5136605299179383,1.0,0.3213476801125742,1.0,0.0017584248360389535,1.0,0.06384263769011365,0.0,0.4809817013059941,0.0,0.8042081031525121,1.0,0.4994946003096534,0.0,0.5000151245496331,1.0,0.45845999431404644,1.0,0.251151575296121,0.0,0.47730963338999133,0.0,0.5645439980227633,1.0,0.06636116618804391,0.0,0.5338156266486829,0.0,0.4997416087529413,0.0,0.6371473068442384,0.0,0.7318315041362776,0.0,0.6222860826150767,0.0,0.4994911208124513,0.0,0.4993015798838974,0.0,0.48869972791342325,1.0,0.5518486228244117,0.0,0.4968673909248435,0.0,0.4986371009080012,0.0,0.5851946512828274,0.0,0.500407770267068,0.0,0.5006691621768078,1.0,0.0015443995100213339,0.0,0.5007643187223961,0.0,0.49951524296739375,0.0,0.2515420110708066,0.0,0.49730567137979453,0.0,0.5768667864589825,0.0,0.49641770319734624,1.0,0.0005041422482471601,0.0,0.4991833877418961,0.0,0.5137113929297832,0.0,0.19336466868235197,1.0,0.5002813598845522,0.0,0.5891130601187056,0.0,0.3976240755458369,0.0,0.49905225964665517,0.0,0.6367116956418101,0.0,0.49761790931014993,0.0,0.497619637795383,0.0,0.4998962489133448,0.0,0.23215581001480912,0.0,0.449680284921515,0.0,0.5001101796646309,1.0,0.499925890804151,0.0,0.1867385657349696,1.0,0.4951706450788218,0.0,0.5001895744832616,0.0,0.5020731691583159,1.0,6.308978658528848e-06,1.0,0.49965804761632854,0.0,0.543143330722163,0.0,0.4998586428899914,0.0,0.4988864440411151,0.0,0.5024550170539374,1.0,0.15645650040864023,1.0,0.0006570024779877296,0.0,0.49652863654078827,1.0,2.3858888097921574e-08,1.0,1.2440358739141242e-06,0.0,0.505082465587893,0.0,0.5196897357041632,0.0,0.42569280599749787,0.0,0.5008256141581723,0.0,0.51284958732718,0.0,0.6445867381332377,1.0,0.2185431563146732,0.0,0.49946148961694165,1.0,1.8501618803860392e-08,0.0,0.499668135032873,0.0,0.5001763292240317,0.0,0.5268821877455332,0.0,0.42083350056309826,1.0,0.004111335144452741,0.0,0.7134806515232669,1.0,0.0005683469781490328,0.0,0.4983683922489923,1.0,8.377106406908557e-08,0.0,0.5039442301270879,1.0,0.00011099579463367004,0.0,0.79805958160581,0.0,0.499691852372616,0.0,0.5000150936041927,1.0,0.2741691533512862,1.0,1.291930606488402e-06,0.0,0.49700331455847674,0.0,0.41231111817137167,0.0,0.5000689046686863,0.0,0.7205046468996991,0.0,0.5144076787224509,0.0,0.5301179990935008,0.0,0.48533098857782536,0.0,0.4997369911847902,1.0,0.38554286111404706,0.0,0.5046263780350679,1.0,8.798666305737017e-10,0.0,0.4972830810865837,0.0,0.4997874991784399,0.0,0.49991860735337507,0.0,0.5919864364663676,0.0,0.387195983204456,1.0,5.001799786031652e-05,1.0,2.5659654878704206e-05,1.0,0.045264810296168086,0.0,0.49998790337565563,0.0,0.4992085769587103,0.0,0.6178666048245266,0.0,0.49990302918589824,0.0,0.512603534596485,0.0,0.511952817906473,0.0,0.5092303801985576,1.0,0.006349119916297001,0.0,0.46190459402292094,1.0,0.00013493825816387163,0.0,0.617315027102065,0.0,0.49796549876579815,0.0,0.4999109329936241,0.0,0.4999670253958814,0.0,0.438344697605773,0.0,0.3997769060505823,0.0,0.49996965215558525,0.0,0.5427742953150223,0.0,0.49994767554575653,0.0,0.5003641758177427,0.0,0.4980533762722342,1.0,0.003779741511897682,0.0,0.5690432322190151,0.0,0.5033090891656709,0.0,0.49999515222022894,0.0,0.3938816963120086,0.0,0.4999041443549062,1.0,0.1749117650440154,0.0,0.5001651200665578,0.0,0.4970938219623069,0.0,0.5017461253239465,0.0,0.5198454784803779,0.0,0.500525311255469,0.0,0.4502199187084894,1.0,0.38274699342763696,0.0,0.501646287296629,0.0,0.4992100569493403,1.0,0.004783593972960956,0.0,0.6057360262711258,0.0,0.7689514578559622,0.0,0.5182160427566326,0.0,0.48269673421365555,0.0,0.6030627668917231,1.0,0.18780536097972444,0.0,0.7067004516935118,0.0,0.5000124766104873,0.0,0.4646614880795916,0.0,0.658951917767152,0.0,0.5023130797189569,1.0,0.2400883973607787,0.0,0.5002442851737352,1.0,0.5121785338715562,0.0,0.48008448358947287,0.0,0.5001641501439157,0.0,0.684323084295417,0.0,0.4954511769352978,0.0,0.4999601376013975,1.0,6.570959977532395e-05,0.0,0.4956579225774642,0.0,0.49127744675907264,0.0,0.30371755308755394,0.0,0.49949645389643205,0.0,0.4237092566573439,0.0,0.5000107427782726,0.0,0.47072735538141913,0.0,0.5808380148720136
LOCO_bt,300,58.14310097694397,0.9543768685797918,1.0,7.912342927263361e-06,0.0,0.5874378806912534,1.0,8.305411389503731e-13,1.0,6.856212818004868e-10,0.0,0.5001908256613011,0.0,0.5017944432027385,0.0,0.5002503786011316,0.0,0.4437280859427352,0.0,0.499850620938855,0.0,0.5003613577303264,0.0,0.49831470757722407,1.0,7.648440173766299e-15,1.0,1.730529578776821e-20,0.0,0.9962010118940859,0.0,0.5000370642429922,0.0,0.499921719846179,1.0,1.1371059047861507e-09,0.0,0.660717838428249,0.0,0.6736503639842092,0.0,0.4999591634018572,1.0,0.31482970864298643,0.0,0.1232815546873986,0.0,0.500194810863483,0.0,0.49732464199531035,1.0,6.091967360372266e-13,0.0,0.5156476016541399,1.0,0.25777345792536155,1.0,1.875550838115751e-13,1.0,2.8536552222623436e-05,0.0,0.4720516365692101,0.0,0.9518589554274134,1.0,0.49949437385537726,0.0,0.500015124770402,1.0,0.45581985168761463,1.0,0.1605436676482762,0.0,0.4722739751445377,0.0,0.5827623173664895,1.0,0.0013028223354459366,0.0,0.5355439935329976,0.0,0.499741445746698,0.0,0.673133567351295,0.0,0.8147420340757172,0.0,0.7119329634726613,0.0,0.49949089393493074,0.0,0.49930113063190473,0.0,0.48784962871379434,1.0,0.610484249777779,0.0,0.4968576214232309,0.0,0.498635129602535,0.0,0.6150556953968855,0.0,0.5004079039260144,0.0,0.5006695124600213,1.0,8.341524132952736e-11,0.0,0.5007663145057656,0.0,0.4995150972370543,0.0,0.1941121642477534,0.0,0.49730101220236167,0.0,0.5981894099758763,0.0,0.49639117820297657,1.0,2.409910134350828e-13,0.0,0.4991827598067059,0.0,0.5168211669702915,0.0,0.11240274652631654,1.0,0.5002814116465745,0.0,0.6051115613320188,0.0,0.38500432949943103,0.0,0.49905140287239885,0.0,0.6991125928078578,0.0,0.497611627221745,0.0,0.49761608372443655,0.0,0.49989623271555095,0.0,0.09024747921419107,0.0,0.4437833661068739,0.0,0.500110190998792,1.0,0.4999258869934804,0.0,0.05786482641348749,1.0,0.4951024666441374,0.0,0.5001895998478271,0.0,0.5020793668114413,1.0,2.3959858955384365e-08,1.0,0.49965780735042464,0.0,0.5488144843936622,0.0,0.4998586091695067,0.0,0.49888501913446726,0.0,0.5024708077112179,1.0,0.01784106592702172,1.0,4.428613595361604e-15,0.0,0.49646609284983484,1.0,3.470552888367133e-18,1.0,8.379391840712999e-30,0.0,0.5073359403495066,0.0,0.5204927936844698,0.0,0.41928903582586013,0.0,0.5008261583316235,0.0,0.5138053393804841,0.0,0.7272117740808397,1.0,0.14446305093612394,0.0,0.4994611614557576,1.0,2.862994659968941e-30,0.0,0.4996680141010647,0.0,0.5001763867549515,0.0,0.5338726793007672,0.0,0.3990447760067666,1.0,4.7712285692893936e-14,0.0,0.8625774255271158,1.0,6.729370990339221e-17,0.0,0.49836473077820104,1.0,1.3078791619812894e-22,0.0,0.5039576526614034,1.0,3.014227497167786e-16,0.0,0.8958040793175738,0.0,0.49969178762456207,0.0,0.5000150939603681,1.0,0.15550002978824934,1.0,9.422384160282496e-08,0.0,0.4969964027328531,0.0,0.3731866728219013,0.0,0.5000689183325217,0.0,0.8419888559710682,0.0,0.5182180424054724,0.0,0.5316935591301406,0.0,0.48361984265903407,0.0,0.49973689376724295,1.0,0.34233865724877666,0.0,0.5046509786790062,1.0,3.0503416377438416e-08,0.0,0.4972757739290971,0.0,0.49978746533490065,0.0,0.49991859319241916,0.0,0.6132963837974583,0.0,0.3479764991505474,1.0,0.00011235304787679682,1.0,5.772906801414516e-17,1.0,0.00011537191459342509,0.0,0.49998790303777235,0.0,0.49920814027405674,0.0,0.6377432015205058,0.0,0.4999030059781589,0.0,0.5139211054293115,0.0,0.5130346557736221,0.0,0.5092928557609732,1.0,0.000136123221271544,0.0,0.45618383294292747,1.0,1.9609239865416892e-14,0.0,0.6597263278364843,0.0,0.4979526430676811,0.0,0.4999109251466364,0.0,0.49996702092690576,0.0,0.4055937148949973,0.0,0.3687728611002672,0.0,0.49996964966854274,0.0,0.5718287906365592,0.0,0.49994767318968075,0.0,0.5003642971490204,0.0,0.4980510777446515,1.0,4.0395555645822656e-05,0.0,0.5765223422517891,0.0,0.5033186378570168,0.0,0.4999951518645929,0.0,0.36672925783020127,0.0,0.49990413476977275,1.0,0.02770800173214786,0.0,0.500165140099664,0.0,0.4970613343337103,0.0,0.5017488164060321,0.0,0.5234084304109453,0.0,0.5005255655182088,0.0,0.40667818051700144,1.0,0.28028826750578356,0.0,0.5016479116888316,0.0,0.499209434695303,1.0,3.195935697999895e-07,0.0,0.6308934468293386,0.0,0.8643970061931465,0.0,0.5253826877444095,0.0,0.47603273605613017,0.0,0.6498863936977317,1.0,0.03262562595332519,0.0,0.8665128131663244,0.0,0.5000124770983466,0.0,0.4359761399869693,0.0,0.7038544859423345,0.0,0.5023176463034489,1.0,0.04666015541702301,0.0,0.5002443362538334,1.0,0.5125991047426018,0.0,0.4789385696741265,0.0,0.5001641790674567,0.0,0.7611217043343944,0.0,0.49543731054471446,0.0,0.4999601313676786,1.0,1.05022118527475e-08,0.0,0.49564430642405416,0.0,0.4907935028907096,0.0,0.27142010852416704,0.0,0.49949624803589365,0.0,0.3848106062360497,0.0,0.5000107431082977,0.0,0.4662490277201608,0.0,0.6387648574303771
LOCO_sqd,300,58.14517021179199,0.9543768685797918,1.0,1.2554288979509768e-09,0.0,1.0,1.0,6.546767348830535e-11,1.0,2.6349579311439235e-12,0.0,0.5171689680455177,0.0,0.657194076334294,0.0,0.5225220936731767,0.0,4.376212317009249e-34,0.0,0.486558430021982,0.0,0.5324861423279911,0.0,0.35190054778343627,1.0,4.232801714069617e-49,1.0,5.499975891657748e-101,0.0,1.0,0.0,0.5033357407170733,0.0,0.4929551535386515,1.0,1.686363284228712e-40,0.0,1.0,0.0,1.0,0.0,0.49632643730731796,1.0,2.1794891952125367e-09,0.0,2.122393559680636e-55,0.0,0.5175273243416078,0.0,0.27307315765307655,1.0,1.0324593748182672e-31,0.0,0.9987269331175493,1.0,4.473131597517462e-146,1.0,4.578906756931524e-223,1.0,3.296797348516692e-11,0.0,0.009615222441303233,0.0,1.0,1.0,0.4545921678864761,0.0,0.5013612266931905,1.0,2.269773171641102e-22,1.0,1.7745297208212062e-232,0.0,7.840553514027432e-07,0.0,1.0,1.0,1.2625164081142684e-229,0.0,0.9999999999999987,0.0,0.476743377376891,0.0,1.0,0.0,1.0,0.0,0.9999999999883747,0.0,0.454281059295066,0.0,0.4373615400414732,0.0,0.00426057157108932,1.0,0.9439167634365794,0.0,0.23920159199282087,0.0,0.3790767536356587,0.0,1.0,0.0,0.5366595865801616,0.0,0.5600277111557014,1.0,7.222840080198688e-23,0.0,0.5686232114646211,0.0,0.456445647585365,0.0,0.0,0.0,0.27130292417687174,0.0,1.0,0.0,0.2078711705443368,1.0,3.709697759036647e-15,0.0,0.4268631900281414,0.0,0.9969415219932455,0.0,0.0,1.0,0.5253100408928909,0.0,1.0,0.0,5.7984883230709945e-120,0.0,0.41527378925619807,0.0,1.0,0.0,0.2950184881987279,0.0,0.29535781324491517,0.0,0.49066179865114445,0.0,4.529131357263285e-51,0.0,1.3598227859147032e-31,0.0,0.5099161679513117,1.0,0.4933301402395076,0.0,5.95055852125045e-145,1.0,0.13490482209286797,0.0,0.5170587834633892,0.0,0.6804903766231087,1.0,3.941803691596095e-12,1.0,0.469233319072298,0.0,1.0,0.0,0.4872769892094372,0.0,0.4007008162408512,0.0,0.711326874870444,1.0,4.641198764627562e-66,1.0,2.987550293305065e-78,0.0,0.21304777284089255,1.0,2.1586858093903027e-16,1.0,4.592055051210362e-43,0.0,0.7746638521291833,0.0,0.9999976160862061,0.0,1.7094253270608496e-67,0.0,0.57392582591186,0.0,0.9986405280413634,0.0,1.0,1.0,0.0,0.0,0.4516238044001417,1.0,3.7554807298493696e-33,0.0,0.47014920538335225,0.0,0.5158706080460276,0.0,0.9999993626493563,0.0,3.364382886443598e-60,1.0,5.647184948805518e-44,0.0,1.0,1.0,3.570871474253405e-40,0.0,0.356101550434504,1.0,2.1223648572245604e-21,0.0,0.8140117770667304,1.0,5.971325728059372e-44,0.0,1.0,0.0,0.47228322608254514,0.0,0.5013584538027638,1.0,4.275669505630095e-62,1.0,3.296961690376054e-10,0.0,0.24901823319686484,0.0,4.804325687165343e-28,0.0,0.5062023987348804,0.0,1.0,0.0,0.9943515090398864,0.0,0.999999999999104,0.0,0.0004036509212174358,0.0,0.47633435468898583,1.0,7.969729500948071e-56,0.0,0.8529331410622052,1.0,2.1316355668034236e-11,0.0,0.2694269461539809,0.0,0.48087920948009066,0.0,0.49267380073093586,0.0,1.0,0.0,2.1315631570070182e-66,1.0,0.00011227882991532458,1.0,1.8171881109274236e-23,1.0,4.950308984032118e-86,0.0,0.4989112747555664,0.0,0.42910996552062586,0.0,1.0,0.0,0.4912712374505294,0.0,0.9981984768265912,0.0,0.9972729219110653,0.0,0.9819612272771174,1.0,2.8422790094044104e-05,0.0,3.2327338142430555e-18,1.0,1.9052806334168017e-50,0.0,1.0,0.0,0.322128343074761,0.0,0.4919838031633813,0.0,0.49703191118741347,0.0,3.965358282811125e-13,0.0,1.3146628769635756e-64,0.0,0.4972684916461446,0.0,0.9999767063503282,0.0,0.4952906964937286,0.0,0.5327498527042853,0.0,0.33008873399657646,1.0,1.4228708385883454e-07,0.0,1.0,0.0,0.772964590958546,0.0,0.49956366791601803,0.0,9.20985229958452e-104,0.0,0.49137280232957975,1.0,1.4478062801573555e-55,0.0,0.5148591702792585,0.0,0.2538490063296554,0.0,0.6534026253269469,0.0,0.9999947373924706,0.0,0.5471902299968385,0.0,0.0031992452873438495,1.0,5.57478210059805e-08,0.0,0.6449650029096343,0.0,0.429224736726627,1.0,6.31332256410233e-15,0.0,1.0,0.0,1.0,0.0,0.9990498874055174,0.0,0.007929679741446509,0.0,1.0,1.0,8.064468776416083e-07,0.0,1.0,0.0,0.5011229373590659,0.0,0.005407948150304553,0.0,1.0,0.0,0.6994587806661656,1.0,2.3315788822236355e-11,0.0,0.5219791260474753,1.0,0.9975895242440707,0.0,1.6467600065815299e-06,0.0,0.51477273587597,0.0,1.0,0.0,0.15167290153289187,0.0,0.496411872085763,1.0,2.47512892863397e-18,0.0,0.16290462412315432,0.0,0.02088002316455235,0.0,0.0,0.0,0.45475975296063,0.0,6.31954860483403e-11,0.0,0.5009668787935725,0.0,7.265657635447713e-11,0.0,0.999999998047888
S-CPI_ST,300,74.60058569908142,0.9543768685797918,1.0,0.08512119752303683,0.0,0.7007941408832403,1.0,0.004022964066612547,1.0,0.036274766096230884,0.0,1.0,0.0,1.0,0.0,1.0,0.0,0.17141655971039418,0.0,1.0,0.0,1.0,0.0,1.0,1.0,0.036274766096230884,1.0,0.23039623635948664,0.0,0.9637252339037691,0.0,1.0,0.0,1.0,1.0,0.0020825570079122217,0.0,0.8285834402896058,0.0,0.8285834402896058,0.0,0.37601660079929766,1.0,0.7696037636405133,0.0,0.12305322485813928,0.0,1.0,0.0,1.0,1.0,1.4832264612600933e-05,0.0,0.8285834402896058,1.0,0.5419355614943554,1.0,0.37601660079929766,1.0,0.0004863803539756835,0.0,0.37601660079929766,0.0,0.6239833992007023,1.0,1.0,0.0,1.0,1.0,0.9637252339037691,1.0,0.6239833992007023,0.0,0.9148788024769632,0.0,0.12305322485813928,1.0,0.6239833992007023,0.0,0.8285834402896058,0.0,1.0,0.0,0.7696037636405133,0.0,0.7696037636405133,0.0,0.7007941408832403,0.0,1.0,0.0,1.0,0.0,0.7007941408832403,1.0,0.5419355614943554,0.0,1.0,0.0,1.0,0.0,0.7007941408832403,0.0,1.0,0.0,1.0,1.0,0.08512119752303683,0.0,1.0,0.0,1.0,0.0,0.036274766096230884,0.0,1.0,0.0,0.4580644385056446,0.0,1.0,1.0,0.007433376472813117,0.0,1.0,0.0,0.05667217702171029,0.0,0.12305322485813928,1.0,1.0,0.0,0.7007941408832403,0.0,0.5419355614943554,0.0,1.0,0.0,0.23039623635948664,0.0,1.0,0.0,1.0,0.0,1.0,0.0,0.05667217702171029,0.0,0.7696037636405133,0.0,1.0,1.0,1.0,0.0,0.8285834402896058,1.0,0.37601660079929766,0.0,1.0,0.0,1.0,1.0,0.007433376472813117,1.0,1.0,0.0,0.7007941408832403,0.0,1.0,0.0,1.0,0.0,0.7007941408832403,1.0,0.2992058591167596,1.0,0.5419355614943554,0.0,0.6239833992007023,1.0,0.036274766096230884,1.0,0.0010301328404815372,0.0,0.37601660079929766,0.0,0.7007941408832403,0.0,0.2992058591167596,0.0,1.0,0.0,0.7007941408832403,0.0,0.37601660079929766,1.0,0.12305322485813928,0.0,1.0,1.0,0.013150832565561134,0.0,1.0,0.0,1.0,0.0,0.6239833992007023,0.0,0.7007941408832403,1.0,0.17141655971039418,0.0,0.4580644385056446,1.0,0.013150832565561134,0.0,1.0,1.0,0.0020825570079122217,0.0,1.0,1.0,0.0020825570079122217,0.0,0.7696037636405133,0.0,1.0,0.0,1.0,1.0,0.23039623635948664,1.0,0.0020825570079122217,0.0,1.0,0.0,0.4580644385056446,0.0,1.0,0.0,0.013150832565561134,0.0,0.7696037636405133,0.0,0.7007941408832403,0.0,0.4580644385056446,0.0,1.0,1.0,0.2992058591167596,0.0,0.6239833992007023,1.0,0.013150832565561134,0.0,1.0,0.0,1.0,0.0,1.0,0.0,0.4580644385056446,0.0,0.5419355614943554,1.0,0.036274766096230884,1.0,0.007433376472813117,1.0,0.4580644385056446,0.0,1.0,0.0,1.0,0.0,0.23039623635948664,0.0,1.0,0.0,0.036274766096230884,0.0,0.9637252339037691,0.0,1.0,1.0,0.013150832565561134,0.0,0.9148788024769632,1.0,0.2992058591167596,0.0,0.2992058591167596,0.0,1.0,0.0,1.0,0.0,1.0,0.0,0.4580644385056446,0.0,0.23039623635948664,0.0,1.0,0.0,0.23039623635948664,0.0,1.0,0.0,1.0,0.0,1.0,1.0,0.036274766096230884,0.0,0.036274766096230884,0.0,1.0,0.0,1.0,0.0,0.8285834402896058,0.0,1.0,1.0,0.5419355614943554,0.0,1.0,0.0,0.7696037636405133,0.0,1.0,0.0,0.5419355614943554,0.0,1.0,0.0,0.8285834402896058,1.0,0.7007941408832403,0.0,1.0,0.0,1.0,1.0,0.013150832565561134,0.0,0.4580644385056446,0.0,0.8285834402896058,0.0,0.12305322485813928,0.0,0.5419355614943554,0.0,0.8285834402896058,1.0,0.23039623635948664,0.0,0.37601660079929766,0.0,1.0,0.0,0.7696037636405133,0.0,0.4580644385056446,0.0,1.0,1.0,0.7696037636405133,0.0,1.0,1.0,0.7696037636405133,0.0,0.6239833992007023,0.0,1.0,0.0,0.23039623635948664,0.0,1.0,0.0,1.0,1.0,0.036274766096230884,0.0,0.5419355614943554,0.0,0.7007941408832403,0.0,0.2992058591167596,0.0,1.0,0.0,0.9868491674344388,0.0,1.0,0.0,0.6239833992007023,0.0,0.9637252339037691
S-CPI_Wilcox,300,74.8101179599762,0.9543768685797918,1.0,0.00014568242173447146,0.0,0.8803880709292695,1.0,9.451507876893483e-06,1.0,0.0026165622883839315,0.0,,0.0,,0.0,,0.0,0.018187646441717734,0.0,,0.0,,0.0,,1.0,0.01793695597656231,1.0,0.022825443410953054,0.0,0.9906597488246359,0.0,,0.0,,1.0,0.0006551199879698477,0.0,0.8874622649492201,0.0,0.8617924439712887,0.0,0.32684810639769224,1.0,0.5807771154427613,0.0,0.00944176128378393,0.0,,0.0,,1.0,0.00014769590786327345,0.0,0.6658647514320578,1.0,0.18025105200780017,1.0,0.2166706819700323,1.0,0.02180188410128852,0.0,0.7805106975770082,0.0,0.9052468093537963,1.0,,0.0,,1.0,0.1579868380583398,1.0,0.2170365177073293,0.0,0.6947530712780345,0.0,0.8354128714815529,1.0,0.7132511694855569,0.0,0.9851674563650805,0.0,,0.0,0.21097432268668254,0.0,0.15196256994840368,0.0,0.6161637581292179,0.0,,0.0,,0.0,0.40700712736858996,1.0,0.09782820213114635,0.0,,0.0,,0.0,0.8920719820879299,0.0,,0.0,,1.0,0.0006012735473420809,0.0,,0.0,,0.0,0.31972944656051444,0.0,,0.0,0.19163903728590392,0.0,,1.0,0.2478712604276564,0.0,,0.0,0.6116300733185337,0.0,0.5883547171352627,1.0,,0.0,0.8092544812848514,0.0,0.8186724379014572,0.0,,0.0,0.5151926381913778,0.0,,0.0,,0.0,,0.0,0.6506069320499047,0.0,0.41321167102201734,0.0,,1.0,,0.0,0.07515055033643049,1.0,0.4133696923140788,0.0,,0.0,,1.0,0.07234401174652103,1.0,,0.0,0.3849411047717019,0.0,,0.0,,0.0,0.46170235383696645,1.0,0.35787530246714405,1.0,0.00048789957002062296,0.0,0.3226601887149767,1.0,5.307116913515813e-08,1.0,0.0003133696312008189,0.0,0.31104096078247373,0.0,0.5578932372942459,0.0,0.2301107286795096,0.0,,0.0,0.7262603014317408,0.0,0.17788986907918547,1.0,0.4511634199152748,0.0,,1.0,0.0002853306734957513,0.0,,0.0,,0.0,0.5187633570650276,0.0,0.07233938147770494,1.0,0.04197848695662558,0.0,0.7866127991573766,1.0,0.011398595098243631,0.0,,1.0,0.0015673657581731556,0.0,,1.0,0.006419725713644691,0.0,0.37404147409168764,0.0,,0.0,,1.0,0.019029833145464192,1.0,1.2723943361159788e-05,0.0,,0.0,0.4358077053069651,0.0,,0.0,0.05806224047186428,0.0,0.2514466864726335,0.0,0.44046483280381205,0.0,0.39435693773197295,0.0,,1.0,0.6239454496033106,0.0,0.7661444559249802,1.0,4.775877283708192e-06,0.0,,0.0,,0.0,,0.0,0.875278838379639,0.0,0.04344100214951352,1.0,1.102856365770507e-05,1.0,0.019217376906300494,1.0,0.3449822849754973,0.0,,0.0,,0.0,0.7289329005349534,0.0,,0.0,0.49570547234388507,0.0,0.32250249095629674,0.0,,1.0,0.001462471605788603,0.0,0.2566044092660111,1.0,0.005695362784301904,0.0,0.3990884885113344,0.0,,0.0,,0.0,,0.0,0.5628159301704626,0.0,0.2942843839511732,0.0,,0.0,0.45754215027167205,0.0,,0.0,,0.0,,1.0,0.0013098482729859253,0.0,0.37404147409168764,0.0,,0.0,,0.0,0.8882294411633719,0.0,,1.0,0.4783401879197435,0.0,,0.0,0.3376056668093523,0.0,,0.0,0.07178694313032336,0.0,,0.0,0.00944176128378393,1.0,0.8971511453457077,0.0,,0.0,,1.0,0.010289160572720609,0.0,0.5660923792896162,0.0,0.7797095814814278,0.0,0.6132510343333131,0.0,0.7947017456072822,0.0,0.16360027153764228,1.0,0.32250249095629674,0.0,0.5742094851249923,0.0,,0.0,0.3463176545119973,0.0,0.7536557226651481,0.0,,1.0,0.0798206125350398,0.0,,1.0,0.9164226227783798,0.0,0.28183485975793177,0.0,,0.0,0.7381833049888039,0.0,,0.0,,1.0,0.0001919542246320823,0.0,0.8394362904213202,0.0,0.4527569860550491,0.0,0.06869661505075184,0.0,,0.0,0.8802530786232929,0.0,,0.0,0.3066820350152181,0.0,0.8441212408489039
LOCO_ST,300,57.608041286468506,0.9543768685797918,1.0,0.004022964066612547,0.0,0.9148788024769632,1.0,5.451024595544623e-06,1.0,9.387789808964946e-05,0.0,0.6239833992007023,0.0,0.9999945489754044,0.0,0.9999945489754044,0.0,0.17141655971039418,0.0,0.013150832565561134,0.0,0.9925666235271868,0.0,1.4832264612600933e-05,1.0,3.828536465524171e-05,1.0,1.8975245890839e-06,0.0,0.9995136196460244,0.0,0.4580644385056446,0.0,0.004022964066612547,1.0,0.0004863803539756835,0.0,0.9433278229782898,0.0,0.9433278229782898,0.0,0.7696037636405133,1.0,0.37601660079929766,0.0,0.12305322485813928,0.0,0.9979174429920877,0.0,9.387789808964946e-05,1.0,1.4832264612600933e-05,0.0,0.8285834402896058,1.0,0.2992058591167596,1.0,0.0020825570079122217,1.0,0.23039623635948664,0.0,0.05667217702171029,0.0,0.8769467751418607,1.0,0.013150832565561134,0.0,0.9868491674344388,1.0,0.08512119752303683,1.0,0.23039623635948664,0.0,0.7696037636405133,0.0,0.9148788024769632,1.0,0.036274766096230884,0.0,0.9637252339037691,0.0,0.7696037636405133,0.0,0.8769467751418607,0.0,0.7007941408832403,0.0,0.7696037636405133,0.0,0.0004863803539756835,0.0,0.0004863803539756835,0.0,0.17141655971039418,1.0,0.9148788024769632,0.0,0.013150832565561134,0.0,0.004022964066612547,0.0,0.9925666235271868,0.0,0.9999851677353874,0.0,0.9868491674344388,1.0,0.0020825570079122217,0.0,0.9925666235271868,0.0,3.828536465524171e-05,0.0,0.0020825570079122217,0.0,0.0004863803539756835,0.0,0.9637252339037691,0.0,0.036274766096230884,1.0,0.004022964066612547,0.0,0.05667217702171029,0.0,0.4580644385056446,0.0,0.013150832565561134,1.0,0.9999061221019103,0.0,0.7696037636405133,0.0,0.02229876231395796,0.0,0.0002189610983170669,0.0,0.8285834402896058,0.0,9.387789808964946e-05,0.0,1.4832264612600933e-05,0.0,0.05667217702171029,0.0,0.08512119752303683,0.0,0.7007941408832403,0.0,0.9925666235271868,1.0,1.4832264612600933e-05,0.0,0.05667217702171029,1.0,0.23039623635948664,0.0,0.9999617146353448,0.0,0.9959770359333875,1.0,0.013150832565561134,1.0,0.6239833992007023,0.0,0.8769467751418607,0.0,0.02229876231395796,0.0,0.0004863803539756835,0.0,0.9148788024769632,1.0,0.12305322485813928,1.0,0.0020825570079122217,0.0,0.2992058591167596,1.0,1.5635911386702284e-08,1.0,9.387789808964946e-05,0.0,0.036274766096230884,0.0,0.9148788024769632,0.0,0.036274766096230884,0.0,0.9997810389016829,0.0,0.9433278229782898,0.0,0.7696037636405133,1.0,0.004022964066612547,0.0,0.013150832565561134,1.0,1.5635911386702284e-08,0.0,0.05667217702171029,0.0,0.977701237686042,0.0,0.8285834402896058,0.0,0.23039623635948664,1.0,0.004022964066612547,0.0,0.8285834402896058,1.0,0.0002189610983170669,0.0,0.004022964066612547,1.0,1.940908722028159e-07,0.0,0.9979174429920877,1.0,0.004022964066612547,0.0,0.9925666235271868,0.0,0.0002189610983170669,0.0,0.9989698671595184,1.0,0.37601660079929766,1.0,6.246290643815515e-07,0.0,0.0004863803539756835,0.0,0.12305322485813928,0.0,0.9637252339037691,0.0,0.7007941408832403,0.0,0.37601660079929766,0.0,0.8769467751418607,0.0,0.23039623635948664,0.0,0.036274766096230884,1.0,0.37601660079929766,0.0,0.9433278229782898,1.0,5.6817825421190045e-08,0.0,0.05667217702171029,0.0,1.4832264612600933e-05,0.0,0.23039623635948664,0.0,0.5419355614943554,0.0,0.37601660079929766,1.0,0.0010301328404815372,1.0,0.0004863803539756835,1.0,0.013150832565561134,0.0,0.007433376472813117,0.0,0.0020825570079122217,0.0,0.8769467751418607,0.0,0.036274766096230884,0.0,0.6239833992007023,0.0,0.7696037636405133,0.0,0.9999061221019103,1.0,0.05667217702171029,0.0,0.7696037636405133,1.0,5.451024595544623e-06,0.0,0.9989698671595184,0.0,0.02229876231395796,0.0,0.0010301328404815372,0.0,0.4580644385056446,0.0,0.12305322485813928,0.0,0.02229876231395796,0.0,0.17141655971039418,0.0,0.4580644385056446,0.0,0.0004863803539756835,0.0,0.9999945489754044,0.0,9.387789808964946e-05,1.0,0.08512119752303683,0.0,0.8285834402896058,0.0,0.9999061221019103,0.0,0.8769467751418607,0.0,0.12305322485813928,0.0,0.007433376472813117,1.0,0.2992058591167596,0.0,0.9999061221019103,0.0,0.7007941408832403,0.0,0.9979174429920877,0.0,0.2992058591167596,0.0,0.9989698671595184,0.0,0.9148788024769632,1.0,0.5419355614943554,0.0,0.9999617146353448,0.0,0.004022964066612547,1.0,0.23039623635948664,0.0,0.9433278229782898,0.0,0.9989698671595184,0.0,0.2992058591167596,0.0,0.7007941408832403,0.0,0.6239833992007023,1.0,0.05667217702171029,0.0,0.9148788024769632,0.0,0.2992058591167596,0.0,0.4580644385056446,0.0,0.9925666235271868,0.0,0.9997810389016829,1.0,0.6239833992007023,0.0,0.9999061221019103,1.0,0.9433278229782898,0.0,0.23039623635948664,0.0,0.9979174429920877,0.0,0.8769467751418607,0.0,0.0010301328404815372,0.0,0.6239833992007023,1.0,0.0004863803539756835,0.0,0.0002189610983170669,0.0,0.5419355614943554,0.0,0.0004863803539756835,0.0,0.004022964066612547,0.0,0.2992058591167596,0.0,0.9637252339037691,0.0,0.4580644385056446,0.0,0.6239833992007023
LOCO_Wilcox,300,57.608041286468506,0.9543768685797918,1.0,3.4249499073628266e-05,0.0,0.9481932378531152,1.0,2.700307677058644e-07,1.0,6.7567841596384766e-06,0.0,0.6525852852542527,0.0,0.9998921075581236,0.0,0.9999003492745991,0.0,0.11024744455357682,0.0,0.0003760600821405618,0.0,0.988915712428844,0.0,3.868593676395028e-06,1.0,1.2278248301844146e-05,1.0,2.0118189310881469e-07,0.0,0.9998050901770982,0.0,0.4100803015498635,0.0,0.012969903307323222,1.0,0.0003199654938636211,0.0,0.9550556228287056,0.0,0.9628292577034205,0.0,0.6525852852542527,1.0,0.27642526656782895,0.0,0.048076670520770866,0.0,0.9925817072234377,0.0,3.2551012150143434e-05,1.0,9.71857657087251e-08,0.0,0.6803793111264589,1.0,0.09720559817329483,1.0,6.659272735242847e-05,1.0,0.04494437717129441,0.0,0.20529825439271776,0.0,0.9451359326872373,1.0,0.0016025404898094035,0.0,0.9967951273735078,1.0,0.029169256501022745,1.0,0.045326692169374246,0.0,0.4607357262029029,0.0,0.8713232322093828,1.0,0.004753440803559374,0.0,0.8949661051487376,0.0,0.3459295655077824,0.0,0.9561870136776622,0.0,0.9442367120704132,0.0,0.7329172433505358,0.0,0.0006388034898074264,0.0,0.0009281055632339333,0.0,0.1286767677906172,1.0,0.7947017456072822,0.0,0.005157279862723841,0.0,0.0019446915287787045,0.0,0.9319899338129922,0.0,0.9999050064423662,0.0,0.9985375283942114,1.0,0.00023035216402444102,0.0,0.9738969190321396,0.0,1.546357830370939e-05,0.0,0.001501305574632061,0.0,6.768758870149355e-05,0.0,0.8363997284623577,0.0,0.050121483223069016,1.0,0.0002168204530795056,0.0,0.012836079705227384,0.0,0.4911720129024621,0.0,0.0041756365580524046,1.0,0.9999885689788327,0.0,0.8231561933739677,0.0,0.03556673703401335,0.0,0.00023385611398342408,0.0,0.9075479271110107,0.0,0.0013693643648264413,0.0,3.146331672654014e-05,0.0,0.027857130866798186,0.0,0.01884384810576763,0.0,0.18747932442846033,0.0,0.9880676739771629,1.0,5.379595724636446e-05,0.0,0.011562224323001068,1.0,0.20644436866840488,0.0,0.9999229226848023,0.0,0.9964256424365835,1.0,1.0263748952063241e-05,1.0,0.15674306419557033,0.0,0.8803880709292695,0.0,0.01379844534008566,0.0,0.001387540827816813,0.0,0.8827801736126059,1.0,0.08408413811949444,1.0,2.0113290261920726e-05,0.0,0.24634427733485192,1.0,5.211519713062275e-09,1.0,2.874952676166879e-07,0.0,0.16559472271588188,0.0,0.8771453369873855,0.0,0.031092121215830243,0.0,0.9996347741970374,0.0,0.9114836021538433,0.0,0.7877684514977032,1.0,0.0037505156914838297,0.0,0.0022364042535270314,1.0,3.0092633945545413e-09,0.0,0.006339238175093534,0.0,0.9860591160802948,0.0,0.7992482607610826,0.0,0.13556176278405913,1.0,9.65227283865249e-05,0.0,0.8882294411633719,1.0,1.546357830370939e-05,0.0,0.0035743575634165363,1.0,1.7096327101418648e-08,0.0,0.9982224832160755,1.0,2.0113290261920726e-05,0.0,0.9951341566206665,0.0,4.26264998963345e-05,0.0,0.9974006109871049,1.0,0.07687679232488988,1.0,6.010947044440126e-08,0.0,0.00024837515817788616,0.0,0.1606379651340326,0.0,0.9303904963217096,0.0,0.9159158618805056,0.0,0.39296518691852905,0.0,0.9121272290740097,0.0,0.3025627189483091,0.0,0.015593232709773688,1.0,0.18532118491053917,0.0,0.9637986041417965,1.0,1.1350990122449596e-09,0.0,0.02037593498464657,0.0,6.340740800770389e-05,0.0,0.10430391782163867,0.0,0.7085773979276817,0.0,0.2566044092660111,1.0,1.9765991743045987e-05,1.0,1.008059007899777e-05,1.0,0.003981640001332039,0.0,0.034324777917153174,0.0,0.000159605188320092,0.0,0.9786138825780859,0.0,0.034941228386948395,0.0,0.5599680965804752,0.0,0.7208763083596388,0.0,0.9997440541454948,1.0,0.015593232709773688,0.0,0.5248647831605984,1.0,7.8216390151114e-06,0.0,0.9831019389212328,0.0,0.06748327309687469,0.0,0.0011832958273865005,0.0,0.23137588975215723,0.0,0.2791236916403612,0.0,0.028638372031802736,0.0,0.10285500860584412,0.0,0.5599680965804752,0.0,0.0003295474493841538,0.0,0.9999376220585724,0.0,2.3919876466396296e-05,1.0,0.007015631972901365,0.0,0.9293082189532565,0.0,0.999675276396524,0.0,0.6599871649282408,0.0,0.22771463992180468,0.0,0.0018005698191974112,1.0,0.05995449415589558,0.0,0.9999365925919923,0.0,0.4400319034195248,0.0,0.9988324160518965,0.0,0.48315020725210595,0.0,0.9988167041726135,0.0,0.48635829315091206,1.0,0.5392642737970972,0.0,0.999980234008257,0.0,0.0020727122105551926,1.0,0.018115296278751886,0.0,0.8470891629893452,0.0,0.9947218619343274,0.0,0.5168497927478941,0.0,0.6391158349461383,0.0,0.7085773979276817,1.0,0.015126716371535709,0.0,0.8026181505284065,0.0,0.5488365800847252,0.0,0.3714820546331298,0.0,0.9854766138597831,0.0,0.9995121004299794,1.0,0.2592037801112867,0.0,0.9995121004299794,1.0,0.9207748715264795,0.0,0.17684380662603222,0.0,0.9986124591721832,0.0,0.949878516776931,0.0,0.00011677100714821397,0.0,0.34890221018738365,1.0,2.119026369592334e-05,0.0,0.00010789244187634044,0.0,0.47193185389682474,0.0,0.00048789957002062296,0.0,0.0015818091328563507,0.0,0.33267211569025645,0.0,0.9282130568696767,0.0,0.32394741526697246,0.0,0.5820809649591051
CPI_KO_ST,300,654.0428121089935,0.9663022746769688,1.0,0.03665597629942343,0.0,1.0,1.0,0.3017028589360689,1.0,0.11264278394223302,0.0,1.0,0.0,1.0,0.0,1.0,0.0,0.4312635463477333,0.0,1.0,0.0,0.7372790022882232,0.0,1.0,1.0,0.4312635463477333,1.0,0.6569122883943059,0.0,0.9256037211294845,0.0,1.0,0.0,1.0,1.0,0.26272099771177687,0.0,0.016245376981021117,0.0,1.0,0.0,1.0,1.0,0.07439627887051543,0.0,0.4312635463477333,0.0,1.0,0.0,0.47698624279048324,1.0,0.03665597629942343,0.0,1.0,1.0,0.8067450864436307,1.0,0.05944316837409894,1.0,0.0010805693706203684,0.0,0.8067450864436307,0.0,0.773512142528752,1.0,0.9784357503613892,0.0,0.836823004037477,1.0,0.3017028589360689,1.0,0.008889670457131127,0.0,0.012090991236631416,0.0,1.0,1.0,0.34308771160569407,0.0,1.0,0.0,1.0,0.0,1.0,0.0,1.0,0.0,0.9405568316259011,0.0,1.0,0.0,1.0,0.0,1.0,1.0,0.38644327154530145,0.0,1.0,0.0,0.26272099771177687,0.0,1.0,0.0,1.0,0.0,1.0,1.0,0.9784357503613892,0.0,0.34308771160569407,0.0,1.0,0.0,0.26272099771177687,0.0,0.8067450864436307,0.0,1.0,0.0,0.38644327154530145,1.0,0.008889670457131127,0.0,1.0,0.0,1.0,0.0,0.8067450864436307,1.0,1.0,0.0,1.0,0.0,0.19325491355636926,0.0,1.0,0.0,0.0064559178177449545,0.0,0.34308771160569407,0.0,0.7372790022882232,0.0,0.6569122883943059,0.0,0.6569122883943059,0.0,0.34308771160569407,0.0,0.6569122883943059,1.0,0.38644327154530145,0.0,0.9256037211294845,1.0,0.028282825627145413,0.0,0.16317699596252302,0.0,1.0,1.0,0.47698624279048324,1.0,0.9079417138040071,0.0,1.0,0.0,1.0,0.0,1.0,0.0,1.0,1.0,0.38644327154530145,1.0,0.09205828619599285,0.0,0.09205828619599285,1.0,0.04695185045940972,1.0,0.9784357503613892,0.0,0.9879090087633686,0.0,1.0,0.0,1.0,0.0,1.0,0.0,1.0,0.0,0.47698624279048324,1.0,0.4312635463477333,0.0,1.0,1.0,0.19325491355636926,0.0,0.7372790022882232,0.0,0.26272099771177687,0.0,1.0,0.0,0.07439627887051543,1.0,0.021564249638610866,0.0,0.47698624279048324,1.0,0.7372790022882232,0.0,1.0,1.0,0.3017028589360689,0.0,1.0,1.0,0.9405568316259011,0.0,1.0,0.0,0.9999485240294252,0.0,0.5687364536522668,1.0,0.9530481495405903,1.0,0.9530481495405903,0.0,1.0,0.0,0.34308771160569407,0.0,1.0,0.0,0.7372790022882232,0.0,1.0,0.0,1.0,0.0,1.0,0.0,1.0,1.0,0.887357216057767,0.0,0.34308771160569407,1.0,0.002294356036773406,0.0,1.0,0.0,1.0,0.0,1.0,0.0,1.0,0.0,0.8067450864436307,1.0,0.028282825627145413,1.0,0.04695185045940972,1.0,0.26272099771177687,0.0,1.0,0.0,0.4312635463477333,0.0,1.0,0.0,1.0,0.0,1.0,0.0,0.028282825627145413,0.0,0.3017028589360689,1.0,0.887357216057767,0.0,0.34308771160569407,1.0,0.7372790022882232,0.0,0.26272099771177687,0.0,1.0,0.0,0.7372790022882232,0.0,1.0,0.0,0.19325491355636926,0.0,0.012090991236631416,0.0,0.6569122883943059,0.0,0.34308771160569407,0.0,1.0,0.0,1.0,0.0,1.0,1.0,0.012090991236631416,0.0,1.0,0.0,1.0,0.0,0.6135567284546986,0.0,0.22648785747124797,0.0,0.34308771160569407,1.0,0.38644327154530145,0.0,1.0,0.0,0.5687364536522668,0.0,1.0,0.0,1.0,0.0,0.3017028589360689,0.0,0.26272099771177687,1.0,0.5230137572095168,0.0,1.0,0.0,1.0,1.0,0.028282825627145413,0.0,0.22648785747124797,0.0,1.0,0.0,0.7372790022882232,0.0,0.8636850436495916,0.0,1.0,1.0,0.03665597629942343,0.0,0.26272099771177687,0.0,0.05944316837409894,0.0,0.26272099771177687,0.0,1.0,0.0,1.0,1.0,0.6135567284546986,0.0,0.8636850436495916,1.0,1.0,0.0,1.0,0.0,1.0,0.0,1.0,0.0,1.0,0.0,1.0,1.0,0.773512142528752,0.0,1.0,0.0,0.16317699596252302,0.0,0.38644327154530145,0.0,1.0,0.0,0.5230137572095168,0.0,1.0,0.0,0.8067450864436307,0.0,0.8636850436495916
CPI_KO_Wilcox,300,653.5510334968567,0.9663022746769688,1.0,0.4891241145050026,0.0,,1.0,0.026689768074236394,1.0,0.004861371096451161,0.0,,0.0,,0.0,,0.0,0.8176381723704769,0.0,,0.0,0.8056137792132172,0.0,,1.0,0.5878864434810314,1.0,0.4856769666554587,0.0,0.9403958529439068,0.0,,0.0,,1.0,0.8463210694895673,0.0,0.7480383273136662,0.0,,0.0,,1.0,0.35479661273149227,0.0,0.11371935306713887,0.0,,0.0,0.5185641808446991,1.0,0.8488284695326684,0.0,,1.0,0.97953426282539,1.0,0.08777029578537343,1.0,0.0994331056167006,0.0,0.6064167115475765,0.0,0.43659767485970974,1.0,0.7549892262082378,0.0,0.31391329787429745,1.0,0.6115234449379268,1.0,0.43843193573886785,0.0,0.11958622584944484,0.0,,1.0,0.022948291214902834,0.0,,0.0,,0.0,,0.0,,0.0,0.3657457188566914,0.0,,0.0,,0.0,,1.0,0.6335036339731702,0.0,,0.0,0.2971315329705292,0.0,,0.0,,0.0,,1.0,0.0013595029157010808,0.0,0.2659513610992337,0.0,,0.0,0.10118764689964682,0.0,0.2034785172098243,0.0,,0.0,0.6402407450736984,1.0,0.016421428277936963,0.0,,0.0,,0.0,0.28077228422518574,1.0,,0.0,,0.0,0.16365378743379205,0.0,,0.0,0.4618553425282104,0.0,0.029249655763866803,0.0,0.17369825284267276,0.0,0.4859420971658936,0.0,0.252386258596431,0.0,0.49151109297745815,0.0,0.4358119778129323,1.0,0.13424052621929622,0.0,0.5481666794902845,1.0,0.572291508795481,0.0,0.9196161468421378,0.0,,1.0,0.8400945517148392,1.0,0.7860193805873374,0.0,,0.0,,0.0,,0.0,,1.0,0.13237971634984574,1.0,0.0012564658474261746,0.0,0.3124993582896556,1.0,0.4175573398583572,1.0,0.3400587778630825,0.0,0.6732401521864165,0.0,,0.0,,0.0,,0.0,,0.0,0.5878864434810314,1.0,0.017919302825170815,0.0,,1.0,0.07515966013161014,0.0,0.4492007758810649,0.0,0.1399303927756929,0.0,,0.0,0.658233826162331,1.0,0.3160393349474059,0.0,0.11526340743034236,1.0,0.21359328053587795,0.0,,1.0,0.7831013333972983,0.0,,1.0,0.11080124631388788,0.0,,0.0,0.26399111348045706,0.0,0.039634223268702515,1.0,0.21496633460998998,1.0,0.10320327682091268,0.0,,0.0,0.2172894701278016,0.0,,0.0,0.07696745768654757,0.0,,0.0,,0.0,,0.0,,1.0,0.7819277040402168,0.0,0.4923068242513611,1.0,1.4651497181564822e-06,0.0,,0.0,,0.0,,0.0,,0.0,0.7241380620901127,1.0,0.09099320283351003,1.0,0.17421056391116746,1.0,0.5339172280064195,0.0,,0.0,0.12429465276867752,0.0,,0.0,,0.0,,0.0,0.39128293495452715,0.0,0.5074279250308575,1.0,0.02560040647192628,0.0,0.009672364574397274,1.0,0.16087781932924677,0.0,0.38415089885677245,0.0,,0.0,0.5863327530320369,0.0,,0.0,0.5034488358017842,0.0,0.7214649253537364,0.0,0.19825223702690442,0.0,0.915366682265502,0.0,,0.0,,0.0,,1.0,0.18912351109967562,0.0,,0.0,,0.0,0.24188571467795705,0.0,0.3854216803046706,0.0,0.7049370358268892,1.0,0.2340666057585029,0.0,,0.0,0.3210237128401671,0.0,,0.0,,0.0,0.16201712058497508,0.0,0.8254473624476745,1.0,0.6481692517317531,0.0,,0.0,,1.0,0.047542737550941364,0.0,0.952126956872604,0.0,,0.0,0.11168362915789298,0.0,0.14082009396910933,0.0,,1.0,0.5636642521075607,0.0,0.5720305623609792,0.0,0.13626447937029423,0.0,0.3682498589723314,0.0,,0.0,,1.0,0.026607768090099983,0.0,0.994525256444424,1.0,,0.0,,0.0,,0.0,,0.0,,0.0,,1.0,0.28844312880599043,0.0,,0.0,0.25579647620437596,0.0,0.8835688124425694,0.0,,0.0,0.6297427851981515,0.0,,0.0,0.04521810611642032,0.0,0.6382489928585361
dCRT,300,59.29301619529724,0.9663022746769688,1.0,3.459224625027006e-34,0.0,0.6377219572133006,1.0,8.204225077098925e-34,1.0,1.3360426129733133e-31,0.0,0.7925306198755233,0.0,0.6916156576242347,0.0,0.7590399206590799,0.0,0.04641778793576682,0.0,0.7449909623323173,0.0,0.1417343438615027,0.0,0.31853006589555444,1.0,2.734501666788483e-18,1.0,2.3043920614827937e-25,0.0,0.2925112384437838,0.0,0.6088155144787037,0.0,0.2686980895046589,1.0,3.798556813711931e-21,0.0,0.3227885359605297,0.0,0.7750959536968985,0.0,0.806257035473013,1.0,0.0009351939726071722,0.0,0.0001032514135306168,0.0,0.6469525260318074,0.0,0.32683141225790735,1.0,3.1347088673762735e-27,0.0,0.6702853843145766,1.0,0.008657365570440306,1.0,7.761524858223656e-19,1.0,4.729207431365934e-24,0.0,0.018585509438584776,0.0,0.0024442129092896387,1.0,0.02180957955587942,0.0,0.42103821453016,1.0,0.017837062405742517,1.0,0.003484109022851939,0.0,0.1346089283564925,0.0,0.9522331324498913,1.0,1.8082210779131538e-07,0.0,0.6850928829031907,0.0,0.6353539583047625,0.0,0.7689436180390756,0.0,0.32793716253747796,0.0,0.00835473461498059,0.0,0.6182169765845597,0.0,0.6556025417839537,0.0,0.8385235112111398,1.0,7.609826520729127e-09,0.0,0.6345114688549087,0.0,0.17839072158646962,0.0,0.8230248953120733,0.0,0.9570902438977106,0.0,0.7444761883782991,1.0,2.0318761769392228e-18,0.0,0.4520023902745165,0.0,0.7442454990519621,0.0,0.11570689533683319,0.0,0.42786488481384,0.0,0.9249575889080611,0.0,0.15272003592731745,1.0,2.0414251532758887e-23,0.0,0.6619842891422578,0.0,0.6868275504663373,0.0,0.00018987901456695485,1.0,0.36690252539171087,0.0,0.2831484762400688,0.0,0.07211876217223633,0.0,0.9130039685105439,0.0,0.006676985553736238,0.0,0.3244055664040413,0.0,0.3695848113137217,0.0,0.4187061027171668,0.0,3.8656565380433487e-07,0.0,0.09649555975699713,0.0,0.6075104759194383,1.0,0.35909107289107023,0.0,0.013587204266745498,1.0,0.3028992734074364,0.0,0.29271264092780414,0.0,0.9279308659584891,1.0,3.217430298324549e-33,1.0,0.36829282994739954,0.0,0.9991353378462967,0.0,0.8255677059623834,0.0,0.8040846144693555,0.0,0.5871359994117039,1.0,7.02768232957099e-07,1.0,1.215125294414e-18,0.0,0.07902807984631123,1.0,9.083480956266166e-32,1.0,9.497819135603319e-27,0.0,0.19306957242183342,0.0,0.7093944581451634,0.0,0.7497032967113902,0.0,0.7139891027799201,0.0,0.8687083466740315,0.0,0.20916335745256154,1.0,0.003061560653741254,0.0,0.7160858825369276,1.0,3.0463754977186277e-30,0.0,0.26565204288941546,0.0,0.17181788764782258,0.0,0.8273439378264601,0.0,0.04429304831115187,1.0,5.726751225390219e-17,0.0,0.00896826194553795,1.0,4.1712126961120425e-20,0.0,0.9697252584585606,1.0,2.1286426195306747e-26,0.0,0.6674121427006194,1.0,3.518634128758275e-21,0.0,0.8548040513005101,0.0,0.5852381510794373,0.0,0.8125350286857791,1.0,9.567099463992567e-06,1.0,1.2813849645161441e-31,0.0,0.9061238525865591,0.0,0.2533248612285065,0.0,0.5970355291875478,0.0,0.003121967504596576,0.0,0.7738642587673361,0.0,0.42045679292844185,0.0,0.42992913603342486,0.0,0.3821214041458576,1.0,0.012766883513962277,0.0,0.16735552354443628,1.0,2.2079018059202604e-31,0.0,0.4348142438581878,0.0,0.38763696346457444,0.0,0.5276655479112683,0.0,0.3142746419111162,0.0,0.00940669126210392,1.0,3.8659171999035794e-29,1.0,3.9254758342027536e-26,1.0,1.2500636988615493e-09,0.0,0.5841853689194949,0.0,0.011864979770551105,0.0,0.6962506091649219,0.0,0.436451354673446,0.0,0.2704824341420935,0.0,0.06266668188762413,0.0,0.3479788093611058,1.0,1.3109015949273984e-27,0.0,0.0646412032495441,1.0,1.0195701192334694e-21,0.0,0.443684195568693,0.0,0.8896307151918764,0.0,0.3184283063060084,0.0,0.7111289703416819,0.0,0.00029840624653618424,0.0,0.01253545321001814,0.0,0.4493103338345915,0.0,0.07373739417891621,0.0,0.83786295153031,0.0,0.8775860315758859,0.0,0.6783667299840301,1.0,9.19736392269611e-34,0.0,0.34846657549885407,0.0,0.6159083624215864,0.0,0.025388415597450212,0.0,0.12053429604967245,0.0,0.08960861042599144,1.0,3.367380010552186e-10,0.0,0.6699393638332138,0.0,0.5116443773434661,0.0,0.9646181023648751,0.0,0.7018382460997246,0.0,0.5222865382629361,0.0,0.008531561901291061,1.0,1.3246347943402399e-05,0.0,0.9815145635940656,0.0,0.686805339797111,1.0,3.801258984212361e-23,0.0,0.21524315731418242,0.0,0.46388992877299273,0.0,0.04888354305782745,0.0,0.005667947234346565,0.0,0.7406614946988018,1.0,4.634864377701387e-13,0.0,0.02774031802950965,0.0,0.3013406044196083,0.0,0.009039649759547819,0.0,0.9488192562666232,0.0,0.7524823499745995,1.0,2.088326297558827e-12,0.0,0.5742749429145162,1.0,0.5741284552646435,0.0,0.6509857723440433,0.0,0.7799643321820464,0.0,0.7246881949337687,0.0,0.9153003702317158,0.0,0.8258072463098498,1.0,8.212972106774466e-27,0.0,0.9090124725543955,0.0,0.3774403021560907,0.0,0.0022550130164190473,0.0,0.7500358013235182,0.0,0.1342455083248581,0.0,0.9071230039317015,0.0,0.03089731581888707,0.0,0.5492294610361222
HRT,300,281.91133999824524,0.9543768685797918,1.0,0.0,0.0,0.9833333333333333,1.0,0.0,1.0,0.0,0.0,1.0,0.0,1.0,0.0,1.0,0.0,0.02142857142857143,0.0,1.0,0.0,1.0,0.0,1.0,1.0,0.0019047619047619048,1.0,0.0,0.0,0.9738095238095238,0.0,1.0,0.0,1.0,1.0,0.0,0.0,0.8061904761904762,0.0,0.91,0.0,0.07666666666666666,1.0,0.6738095238095239,0.0,0.35285714285714287,0.0,1.0,0.0,1.0,1.0,0.0,0.0,0.9328571428571428,1.0,0.11142857142857143,1.0,0.0038095238095238095,1.0,0.0,0.0,0.7323809523809524,0.0,0.8304761904761905,1.0,1.0,0.0,1.0,1.0,0.10904761904761905,1.0,0.06142857142857143,0.0,0.4961904761904762,0.0,0.7309523809523809,1.0,0.06095238095238095,0.0,0.9947619047619047,0.0,1.0,0.0,0.5319047619047619,0.0,0.8690476190476191,0.0,0.8676190476190476,0.0,1.0,0.0,1.0,0.0,0.6914285714285714,1.0,0.007619047619047619,0.0,1.0,0.0,1.0,0.0,0.8795238095238095,0.0,1.0,0.0,1.0,1.0,0.0,0.0,1.0,0.0,1.0,0.0,0.3180952380952381,0.0,1.0,0.0,0.8228571428571428,0.0,1.0,1.0,0.0,0.0,1.0,0.0,0.6142857142857143,0.0,0.12,1.0,1.0,0.0,0.9766666666666667,0.0,0.5414285714285715,0.0,1.0,0.0,0.29333333333333333,0.0,1.0,0.0,1.0,0.0,1.0,0.0,0.012380952380952381,0.0,0.08857142857142856,0.0,1.0,1.0,1.0,0.0,0.3457142857142857,1.0,0.1595238095238095,0.0,1.0,0.0,1.0,1.0,0.0,1.0,1.0,0.0,0.69,0.0,1.0,0.0,1.0,0.0,0.34285714285714286,1.0,0.06523809523809523,1.0,0.0009523809523809524,0.0,0.20666666666666667,1.0,0.0,1.0,0.0,0.0,0.7723809523809524,0.0,0.67,0.0,0.1680952380952381,0.0,1.0,0.0,0.679047619047619,0.0,0.3047619047619048,1.0,0.1761904761904762,0.0,1.0,1.0,0.0,0.0,1.0,0.0,1.0,0.0,0.40190476190476193,0.0,0.23761904761904762,1.0,0.004761904761904762,0.0,0.24857142857142858,1.0,0.0004761904761904762,0.0,1.0,1.0,0.0,0.0,1.0,1.0,0.0014285714285714286,0.0,0.8261904761904761,0.0,1.0,0.0,1.0,1.0,0.060476190476190475,1.0,0.0,0.0,1.0,0.0,0.5880952380952381,0.0,1.0,0.0,0.09142857142857143,0.0,0.86,0.0,0.4228571428571429,0.0,0.9176190476190477,0.0,1.0,1.0,0.4423809523809524,0.0,0.9514285714285714,1.0,0.0,0.0,1.0,0.0,1.0,0.0,1.0,0.0,0.9780952380952381,0.0,0.015714285714285715,1.0,0.0,1.0,0.0,1.0,0.040952380952380955,0.0,1.0,0.0,1.0,0.0,0.5995238095238096,0.0,1.0,0.0,0.39571428571428574,0.0,0.1519047619047619,0.0,1.0,1.0,0.0,0.0,0.32571428571428573,1.0,0.0,0.0,0.15095238095238095,0.0,1.0,0.0,1.0,0.0,1.0,0.0,0.11285714285714285,0.0,0.4576190476190476,0.0,1.0,0.0,0.5938095238095238,0.0,1.0,0.0,1.0,0.0,1.0,1.0,0.0,0.0,0.7019047619047619,0.0,1.0,0.0,1.0,0.0,0.7414285714285714,0.0,1.0,1.0,0.11523809523809524,0.0,1.0,0.0,0.7685714285714286,0.0,1.0,0.0,0.2914285714285714,0.0,1.0,0.0,0.08571428571428572,1.0,0.5090476190476191,0.0,1.0,0.0,1.0,1.0,0.0,0.0,0.21761904761904763,0.0,0.8819047619047619,0.0,0.37666666666666665,0.0,0.2180952380952381,0.0,0.6819047619047619,1.0,0.10571428571428572,0.0,0.6038095238095238,0.0,1.0,0.0,0.4061904761904762,0.0,0.48,0.0,1.0,1.0,0.16904761904761906,0.0,1.0,1.0,0.7442857142857143,0.0,0.09761904761904762,0.0,1.0,0.0,0.8761904761904762,0.0,1.0,0.0,1.0,1.0,0.0,0.0,0.8161904761904762,0.0,0.34904761904761905,0.0,0.12666666666666668,0.0,1.0,0.0,0.8176190476190476,0.0,1.0,0.0,0.16714285714285715,0.0,0.9552380952380952
